-1.121875000000000000e+01 3.000000000000000000e+00
-9.656250000000000000e+00 9.000000000000000000e+00
-8.093750000000000000e+00 3.000000000000000000e+00
-6.531250000000000000e+00 2.500000000000000000e+01
-4.968750000000000000e+00 1.000000000000000000e+01
-3.406250000000000000e+00 4.500000000000000000e+01
-1.843750000000000000e+00 3.400000000000000000e+01
-2.812500000000000000e-01 1.060000000000000000e+02
1.281250000000000000e+00 1.460000000000000000e+02
2.843750000000000000e+00 9.100000000000000000e+01
4.406250000000000000e+00 1.740000000000000000e+02
5.968750000000000000e+00 1.070000000000000000e+02
7.531250000000000000e+00 2.210000000000000000e+02
9.093750000000000000e+00 1.140000000000000000e+02
1.065625000000000000e+01 2.270000000000000000e+02
1.221875000000000000e+01 8.900000000000000000e+01
1.378125000000000000e+01 1.780000000000000000e+02
1.534375000000000000e+01 1.720000000000000000e+02
1.690625000000000000e+01 9.500000000000000000e+01
1.846875000000000000e+01 2.180000000000000000e+02
2.003125000000000000e+01 1.180000000000000000e+02
2.159375000000000000e+01 2.160000000000000000e+02
2.315625000000000000e+01 1.120000000000000000e+02
2.471875000000000000e+01 2.020000000000000000e+02
2.628125000000000000e+01 1.060000000000000000e+02
2.784375000000000000e+01 4.400000000000000000e+01
2.940625000000000000e+01 5.700000000000000000e+01
3.096875000000000000e+01 2.500000000000000000e+01
3.253125000000000000e+01 3.000000000000000000e+01
3.409375000000000000e+01 1.100000000000000000e+01
3.565625000000000000e+01 5.000000000000000000e+00
3.721875000000000000e+01 5.000000000000000000e+00
