-1.121875000000000000e+01 -1.098612288668109782e+00 -3.457729993294980098e+00
-1.106250000000000000e+01 -1.581417038444555390e+00 -2.732428335162519595e+00
-1.090625000000000000e+01 -1.955701621943584767e+00 -2.068671864944052086e+00
-1.075000000000000000e+01 -2.231082474776759028e+00 -1.466460582639579124e+00
-1.059375000000000000e+01 -2.417176032555640397e+00 -9.257944882490997118e-01
-1.043750000000000000e+01 -2.523598730891789543e+00 -4.466735817726147362e-01
-1.028125000000000000e+01 -2.559967005396769579e+00 -2.909786321012411414e-02
-1.012500000000000000e+01 -2.535897291682141397e+00 3.269326674383730147e-01
-9.968750000000000000e+00 -2.461006025359465887e+00 6.214180101728767891e-01
-9.812500000000000000e+00 -2.344909642040304831e+00 8.543581649933851274e-01
-9.656250000000000000e+00 -2.197224577336219564e+00 1.025753131899900250e+00
-9.500000000000000000e+00 -2.027567266858773198e+00 1.135602910892421491e+00
-9.343750000000000000e+00 -1.845554146219524849e+00 1.183907501970948406e+00
-9.187500000000000000e+00 -1.660801651030038739e+00 1.170666905135480995e+00
-9.031250000000000000e+00 -1.482926216901874428e+00 1.095881120386020147e+00
-8.875000000000000000e+00 -1.321544279446594583e+00 9.595501477225654163e-01
-8.718750000000000000e+00 -1.186272274275760541e+00 7.616739871451168042e-01
-8.562500000000000000e+00 -1.086726637000932527e+00 5.022526386536734222e-01
-8.406250000000000000e+00 -1.032523803233674542e+00 1.812861022482359363e-01
-8.250000000000000000e+00 -1.033280208585546145e+00 -2.012256220711943211e-01
-8.093750000000000000e+00 -1.098612288668110004e+00 -6.452825343046193485e-01
-7.937500000000000000e+00 -1.233936143883569869e+00 -1.070238198432381216e+00
-7.781250000000000000e+00 -1.427866533796702253e+00 -1.395446178434823326e+00
-7.625000000000000000e+00 -1.664817882762924972e+00 -1.620906474311944345e+00
-7.468750000000000000e+00 -1.929204615137657619e+00 -1.746619086063745385e+00
-7.312500000000000000e+00 -2.205441155276318010e+00 -1.772584013690225779e+00
-7.156250000000000000e+00 -2.477941927534325295e+00 -1.698801257191386194e+00
-7.000000000000000000e+00 -2.731121356267099731e+00 -1.525270816567225962e+00
-6.843750000000000000e+00 -2.949393865830057138e+00 -1.251992691817745973e+00
-6.687500000000000000e+00 -3.117173880578618217e+00 -8.789668829429457819e-01
-6.531250000000000000e+00 -3.218875824868200564e+00 -4.061933899428247230e-01
-6.375000000000000000e+00 -3.244043933396504986e+00 6.783542861080756048e-02
-6.218750000000000000e+00 -3.202741682230358933e+00 4.446272141461423133e-01
-6.062500000000000000e+00 -3.110162357778872178e+00 7.241819666631803543e-01
-5.906250000000000000e+00 -2.981499246451151830e+00 9.064996861619207813e-01
-5.750000000000000000e+00 -2.831945634656308108e+00 9.915803726423639830e-01
-5.593750000000000000e+00 -2.676694808803449455e+00 9.794240261045101814e-01
-5.437500000000000000e+00 -2.530940055301685199e+00 8.700306465483588214e-01
-5.281250000000000000e+00 -2.409874660560123782e+00 6.634002339739100140e-01
-5.125000000000000000e+00 -2.328691910987874092e+00 3.595327883811647585e-01
-4.968750000000000000e+00 -2.302585092994045901e+00 -4.157169022987838858e-02
-4.812500000000000000e+00 -2.342140939317645110e+00 -4.514673713932494947e-01
-4.656250000000000000e+00 -2.439519968017267448e+00 -7.817084246429789607e-01
-4.500000000000000000e+00 -2.582276143481406994e+00 -1.032294849979067397e+00
-4.343750000000000000e+00 -2.757963430098556934e+00 -1.203226647401514304e+00
-4.187500000000000000e+00 -2.954135792257211790e+00 -1.294503816910320015e+00
-4.031250000000000000e+00 -3.158347194345863418e+00 -1.306126358505484308e+00
-3.875000000000000000e+00 -3.358151600753006782e+00 -1.238094272187007627e+00
-3.718750000000000000e+00 -3.541102975867134628e+00 -1.090407557954889306e+00
-3.562500000000000000e+00 -3.694755284076740587e+00 -8.630662158091297886e-01
-3.406250000000000000e+00 -3.806662489770318736e+00 -5.560702457497288531e-01
-3.250000000000000000e+00 -3.868013291787185004e+00 -2.392065492324888520e-01
-3.093750000000000000e+00 -3.884535326769948949e+00 1.773797228678794177e-02
-2.937500000000000000e+00 -3.865590965812041091e+00 2.147633188081018996e-01
-2.781250000000000000e+00 -3.820542580006893729e+00 3.518694903314525391e-01
-2.625000000000000000e+00 -3.758752540447939161e+00 4.290564868568401691e-01
-2.468750000000000000e+00 -3.689583218228608352e+00 4.463243083842646786e-01
-2.312500000000000000e+00 -3.622396984442334045e+00 4.036729549137261785e-01
-2.156250000000000000e+00 -3.566556210182546316e+00 3.011024264452243915e-01
-2.000000000000000000e+00 -3.531423266542678796e+00 1.386127229787597059e-01
-1.843750000000000000e+00 -3.526360524616162007e+00 -8.379615548566821115e-02
-1.687500000000000000e+00 -3.558204478750398803e+00 -3.176273754243175707e-01
-1.531250000000000000e+00 -3.623688116308681817e+00 -5.143841033134465279e-01
-1.375000000000000000e+00 -3.717018547908272019e+00 -6.740663391530555826e-01
-1.218750000000000000e+00 -3.832402884166431711e+00 -7.966740829431442350e-01
-1.062500000000000000e+00 -3.964048235700424971e+00 -8.822073346837127072e-01
-9.062500000000000000e-01 -4.106161713127512769e+00 -9.306660943747609993e-01
-7.500000000000000000e-01 -4.252950427064959626e+00 -9.420503620162894443e-01
-5.937500000000000000e-01 -4.398621488130024737e+00 -9.163601376082970429e-01
-4.375000000000000000e-01 -4.537382006939972179e+00 -8.535954211507850165e-01
-2.812500000000000000e-01 -4.663439094112066030e+00 -7.537562126437524768e-01
-1.250000000000000000e-01 -4.772032581323725431e+00 -6.366707564422645627e-01
3.125000000000000000e-02 -4.862533184493013749e+00 -5.221672969013861909e-01
1.875000000000000000e-01 -4.935344340598149415e+00 -4.102458340211171395e-01
3.437500000000000000e-01 -4.990869486617351747e+00 -3.009063678014574639e-01
5.000000000000000000e-01 -5.029512059528844503e+00 -1.941488982424071918e-01
6.562500000000000000e-01 -5.051675496310844338e+00 -8.997342534396635116e-02
8.125000000000000000e-01 -5.057763233941574121e+00 1.162005089386511369e-02
9.687500000000000000e-01 -5.048178709399252284e+00 1.106315304710871750e-01
1.125000000000000000e+00 -5.023325359662099920e+00 2.070610133876998327e-01
1.281250000000000000e+00 -4.983606621708336348e+00 3.009084996437030313e-01
1.437500000000000000e+00 -4.930079212997232396e+00 3.796310040029123312e-01
1.593750000000000000e+00 -4.866412972912268486e+00 4.306855412291427654e-01
1.750000000000000000e+00 -4.796931021317968558e+00 4.540721113223947225e-01
1.906250000000000000e+00 -4.725956478078862766e+00 4.497907142826679250e-01
2.062500000000000000e+00 -4.657812463059477714e+00 4.178413501099624283e-01
2.218750000000000000e+00 -4.596822096124341783e+00 3.582240188042782325e-01
2.375000000000000000e+00 -4.547308497137983352e+00 2.709387203656153931e-01
2.531250000000000000e+00 -4.513594785964929912e+00 1.559854547939737990e-01
2.687500000000000000e+00 -4.500004082469708955e+00 1.336422208935367228e-02
2.843750000000000000e+00 -4.510859506516849748e+00 -1.569249777482452091e-01
3.000000000000000000e+00 -4.548728196138078772e+00 -3.211672935290683095e-01
3.156250000000000000e+00 -4.609153362033926449e+00 -4.456478740633609825e-01
3.312500000000000000e+00 -4.685922233072122189e+00 -5.303667193511236722e-01
3.468750000000000000e+00 -4.772822038120394517e+00 -5.753238293923558233e-01
3.625000000000000000e+00 -4.863640006046477282e+00 -5.805192041870577135e-01
3.781250000000000000e+00 -4.952163365718094568e+00 -5.459528437352293428e-01
3.937500000000000000e+00 -5.032179346002979337e+00 -4.716247480368708778e-01
4.093750000000000000e+00 -5.097475175768860112e+00 -3.575349170919819297e-01
4.250000000000000000e+00 -5.141838083883467192e+00 -2.036833509005627763e-01
4.406250000000000000e+00 -5.159055299214529100e+00 -1.007004946261336187e-02
4.562500000000000000e+00 -5.145115474763907848e+00 1.810376438465477744e-01
4.718750000000000000e+00 -5.104812960069988748e+00 3.273723856516020381e-01
4.875000000000000000e+00 -5.045143528805287936e+00 4.289341759525495679e-01
5.031250000000000000e+00 -4.973102954642321549e+00 4.857230147493901695e-01
5.187500000000000000e+00 -4.895687011253609278e+00 4.977389020421238985e-01
5.343750000000000000e+00 -4.819891472311663705e+00 4.649818378307508104e-01
5.500000000000000000e+00 -4.752712111489005409e+00 3.874518221152708497e-01
5.656250000000000000e+00 -4.701144702458147862e+00 2.651488548956839053e-01
5.812500000000000000e+00 -4.672185018891608976e+00 9.807293617199031033e-02
5.968750000000000000e+00 -4.672828834461906666e+00 -1.137759340558102128e-01
6.125000000000000000e+00 -4.707623555892428868e+00 -3.233891103644840337e-01
6.281250000000000000e+00 -4.771323122110058712e+00 -4.837579473307973554e-01
6.437500000000000000e+00 -4.856233105092555569e+00 -5.948824449547507331e-01
6.593750000000000000e+00 -4.954659076817670815e+00 -6.567626032363435007e-01
6.750000000000000000e+00 -5.058906609263163823e+00 -6.693984221755759911e-01
6.906250000000000000e+00 -5.161281274406790409e+00 -6.327899017724483155e-01
7.062500000000000000e+00 -5.254088644226306393e+00 -5.469370420269603628e-01
7.218750000000000000e+00 -5.329634290699467591e+00 -4.118398429391117999e-01
7.375000000000000000e+00 -5.380223785804031600e+00 -2.274983045089032929e-01
7.531250000000000000e+00 -5.398162701517752460e+00 6.087573263665713164e-03
7.687500000000000000e+00 -5.378403812439517928e+00 2.380915000529090775e-01
7.843750000000000000e+00 -5.326488703652729306e+00 4.176871855331406036e-01
8.000000000000000000e+00 -5.250606162861921611e+00 5.448746297043609577e-01
8.156250000000000000e+00 -5.158944977771627194e+00 6.196538325665694735e-01
8.312500000000000000e+00 -5.059693936086380184e+00 6.420247941197663177e-01
8.468750000000000000e+00 -4.961041825510711156e+00 6.119875143639517123e-01
8.625000000000000000e+00 -4.871177433749156016e+00 5.295419932991256573e-01
8.781250000000000000e+00 -4.798289548506245339e+00 3.946882309252875976e-01
8.937500000000000000e+00 -4.750566957486515030e+00 2.074262272424384212e-01
9.093750000000000000e+00 -4.736198448394495664e+00 -3.224401774942264876e-02
9.250000000000000000e+00 -4.760569237793705888e+00 -2.704939381428204670e-01
9.406250000000000000e+00 -4.817850257683608639e+00 -4.534949680302797215e-01
9.562500000000000000e+00 -4.899408868922650484e+00 -5.812471074118013004e-01
9.718750000000000000e+00 -4.996612432369278878e+00 -6.537503562873844265e-01
9.875000000000000000e+00 -5.100828308881940387e+00 -6.710047146570292664e-01
1.003125000000000000e+01 -5.203423859319082467e+00 -6.330101825207361532e-01
1.018750000000000000e+01 -5.295766444539152573e+00 -5.397667598785049758e-01
1.034375000000000000e+01 -5.369223425400598160e+00 -3.912744467303351237e-01
1.050000000000000000e+01 -5.415162162761865794e+00 -1.875332430762275404e-01
1.065625000000000000e+01 -5.424950017481402931e+00 7.145685108381838457e-02
1.081250000000000000e+01 -5.392807637379147145e+00 3.309127260891523981e-01
1.096875000000000000e+01 -5.324368818121008040e+00 5.360512722791243023e-01
1.112500000000000000e+01 -5.228120642334387114e+00 6.868724896537345970e-01
1.128125000000000000e+01 -5.112550192646681424e+00 7.833763782129825604e-01
1.143750000000000000e+01 -4.986144551685296911e+00 8.255629379568686366e-01
1.159375000000000000e+01 -4.857390802077627967e+00 8.134321688853927146e-01
1.175000000000000000e+01 -4.734776026451077868e+00 7.469840709985549054e-01
1.190625000000000000e+01 -4.626787307433046337e+00 6.262186442963548760e-01
1.206250000000000000e+01 -4.541911727650933983e+00 4.511358887787932925e-01
1.221875000000000000e+01 -4.488636369732140530e+00 2.217358044458694888e-01
1.237500000000000000e+01 -4.473069046683304073e+00 -1.629963198377164246e-02
1.253125000000000000e+01 -4.491800493028009988e+00 -2.172884437914852640e-01
1.268750000000000000e+01 -4.539042173669084690e+00 -3.812306309772717783e-01
1.284375000000000000e+01 -4.609005553509348374e+00 -5.081261935411307551e-01
1.300000000000000000e+01 -4.695902097451628343e+00 -5.979751314830622499e-01
1.315625000000000000e+01 -4.793943270398747458e+00 -6.507774448030665404e-01
1.331250000000000000e+01 -4.897340537253528581e+00 -6.665331335011435154e-01
1.346875000000000000e+01 -5.000305362918796348e+00 -6.452421975772928420e-01
1.362500000000000000e+01 -5.097049212297373622e+00 -5.869046370315150751e-01
1.378125000000000000e+01 -5.181783550292086815e+00 -4.915204518638097708e-01
1.393750000000000000e+01 -5.249772210199821210e+00 -3.792951152402371240e-01
1.409375000000000000e+01 -5.300488498893732192e+00 -2.704341003268571075e-01
1.425000000000000000e+01 -5.334458091641037569e+00 -1.649374071236695827e-01
1.440625000000000000e+01 -5.352206663708950707e+00 -6.280503563067463269e-02
1.456250000000000000e+01 -5.354259890364694741e+00 3.596301415212774244e-02
1.471875000000000000e+01 -5.341143446875483924e+00 1.313667422247375149e-01
1.487500000000000000e+01 -5.313383008508537841e+00 2.234061485871547958e-01
1.503125000000000000e+01 -5.271504250531069857e+00 3.120812332393794186e-01
1.518750000000000000e+01 -5.216032848210303996e+00 3.973919961814115775e-01
1.534375000000000000e+01 -5.147494476813452735e+00 4.793384374132511061e-01
1.550000000000000000e+01 -5.067109612476887293e+00 5.445803802471733679e-01
1.565625000000000000e+01 -4.978877934813588091e+00 5.797776479954530604e-01
1.581250000000000000e+01 -4.887493924305685411e+00 5.849302406580908498e-01
1.596875000000000000e+01 -4.797652061435311310e+00 5.600381582350862919e-01
1.612500000000000000e+01 -4.714046826684598734e+00 5.051014007264394978e-01
1.628125000000000000e+01 -4.641372700535675300e+00 4.201199681321505786e-01
1.643750000000000000e+01 -4.584324163470678393e+00 3.050938604522194231e-01
1.659375000000000000e+01 -4.547595695971735630e+00 1.600230776866459759e-01
1.675000000000000000e+01 -4.535881778520979069e+00 -1.509238016456948550e-02
1.690625000000000000e+01 -4.553876891600540766e+00 -2.202525131014274606e-01
1.706250000000000000e+01 -4.604259400347708642e+00 -4.167479065029319196e-01
1.721875000000000000e+01 -4.681643208520397614e+00 -5.658691457480872211e-01
1.737500000000000000e+01 -4.778626104531675800e+00 -6.676162308368936982e-01
1.753125000000000000e+01 -4.887805876794615756e+00 -7.219891617693509067e-01
1.768750000000000000e+01 -5.001780313722288263e+00 -7.289879385454590688e-01
1.784375000000000000e+01 -5.113147203727762324e+00 -6.886125611652184064e-01
1.800000000000000000e+01 -5.214504335224109610e+00 -6.008630296286285866e-01
1.815625000000000000e+01 -5.298449496624398236e+00 -4.657393439356894982e-01
1.831250000000000000e+01 -5.357580476341701647e+00 -2.832415040864016409e-01
1.846875000000000000e+01 -5.384495062789089737e+00 -5.336951008076462610e-02
1.862500000000000000e+01 -5.374308476255803768e+00 1.755419460587079039e-01
1.878125000000000000e+01 -5.332205664535778489e+00 3.551581723095022514e-01
1.893750000000000000e+01 -5.265889007299120017e+00 4.854791686716187771e-01
1.909375000000000000e+01 -5.183060884215933584e+00 5.665049351450569537e-01
1.925000000000000000e+01 -5.091423674956324419e+00 5.982354717298172808e-01
1.940625000000000000e+01 -4.998679759190400418e+00 5.806707784258994254e-01
1.956250000000000000e+01 -4.912531516588266811e+00 5.138108552333038315e-01
1.971875000000000000e+01 -4.840681326820028829e+00 3.976557021520296664e-01
1.987500000000000000e+01 -4.790831569555792591e+00 2.322053191820778739e-01
2.003125000000000000e+01 -4.770684624465665102e+00 1.745970632344784335e-02
2.018750000000000000e+01 -4.785420756256870689e+00 -1.981565291365744996e-01
2.034375000000000000e+01 -4.830131769785120710e+00 -3.662187799107032848e-01
2.050000000000000000e+01 -4.897387354943242954e+00 -4.867270459989387899e-01
2.065625000000000000e+01 -4.979757201624064322e+00 -5.596813274012806261e-01
2.081250000000000000e+01 -5.069810999720418820e+00 -5.850816241177292376e-01
2.096875000000000000e+01 -5.160118439125130685e+00 -5.629279361482842914e-01
2.112500000000000000e+01 -5.243249209731034810e+00 -4.932202634929460650e-01
2.128125000000000000e+01 -5.311773001430953656e+00 -3.759586061517141697e-01
2.143750000000000000e+01 -5.358259504117721228e+00 -2.111429641245890498e-01
2.159375000000000000e+01 -5.375278407684165316e+00 1.226662588429738854e-03
2.175000000000000000e+01 -5.357827819626255206e+00 2.145246560070176445e-01
2.190625000000000000e+01 -5.310619517852531501e+00 3.821253981508502817e-01
2.206250000000000000e+01 -5.240793697874675416e+00 5.040288890199282612e-01
2.221875000000000000e+01 -5.155490555204363723e+00 5.802351286142506392e-01
2.237500000000000000e+01 -5.061850285353281187e+00 6.107441169338182485e-01
2.253125000000000000e+01 -4.967013083833105469e+00 5.955558539786307559e-01
2.268750000000000000e+01 -4.878119146155519559e+00 5.346703397486882725e-01
2.284375000000000000e+01 -4.802308667832201117e+00 4.280875742439904652e-01
2.300000000000000000e+01 -4.746721844374833132e+00 2.758075574645378336e-01
2.315625000000000000e+01 -4.718498871295093267e+00 7.783028941032998915e-02
2.331250000000000000e+01 -4.722576087878229245e+00 -1.235301903710648574e-01
2.346875000000000000e+01 -4.755074408503739747e+00 -2.859598423320783844e-01
2.362500000000000000e+01 -4.809910891324691740e+00 -4.094586664727111747e-01
2.378125000000000000e+01 -4.881002594494150415e+00 -4.940266627929624788e-01
2.393750000000000000e+01 -4.962266576165180965e+00 -5.396638312928327963e-01
2.409375000000000000e+01 -5.047619894490848580e+00 -5.463701719723220718e-01
2.425000000000000000e+01 -5.130979607624221117e+00 -5.141456848314303052e-01
2.440625000000000000e+01 -5.206262773718359327e+00 -4.429903698701571080e-01
2.456250000000000000e+01 -5.267386450926332842e+00 -3.329042270885031463e-01
2.471875000000000000e+01 -5.308267697401205965e+00 -1.838872564864678649e-01
2.487500000000000000e+01 -5.324221511124650696e+00 -2.277990277333038008e-02
2.503125000000000000e+01 -5.316154649392776044e+00 1.235773893416301367e-01
2.518750000000000000e+01 -5.286371809330296934e+00 2.551846198584141745e-01
2.534375000000000000e+01 -5.237177688061925629e+00 3.720417887770213206e-01
2.550000000000000000e+01 -5.170876982712382386e+00 4.741488960974516997e-01
2.565625000000000000e+01 -5.089774390406377691e+00 5.615059418197053676e-01
2.581250000000000000e+01 -4.996174608268629136e+00 6.341129259437823240e-01
2.596875000000000000e+01 -4.892382333423851648e+00 6.919698484696824581e-01
2.612500000000000000e+01 -4.780702262996758378e+00 7.350767093974059918e-01
2.628125000000000000e+01 -4.663439094112067806e+00 7.634335087269525921e-01
2.643750000000000000e+01 -4.542990943170875262e+00 7.752465963517547465e-01
2.659375000000000000e+01 -4.422129603679815446e+00 7.687223221652441651e-01
2.675000000000000000e+01 -4.303720288421908791e+00 7.438606861674214032e-01
2.690625000000000000e+01 -4.190628210180169511e+00 7.006616883582857946e-01
2.706250000000000000e+01 -4.085718581737616262e+00 6.391253287378378944e-01
2.721875000000000000e+01 -3.991856615877267256e+00 5.592516073060773696e-01
2.737500000000000000e+01 -3.911907525382139816e+00 4.610405240630045531e-01
2.753125000000000000e+01 -3.848736523035250379e+00 3.444920790086190010e-01
2.768750000000000000e+01 -3.805208821619618931e+00 2.096062721429212128e-01
2.784375000000000000e+01 -3.784189633918261020e+00 5.638310346591074440e-02
2.800000000000000000e+01 -3.787144911158574878e+00 -8.831160515452608772e-02
2.815625000000000000e+01 -3.809943558345484149e+00 -1.976120318505028284e-01
2.831250000000000000e+01 -3.847055218928291609e+00 -2.715181766220199910e-01
2.846875000000000000e+01 -3.892949536356300033e+00 -3.100300394690772565e-01
2.862500000000000000e+01 -3.942096154078812642e+00 -3.131476203916745416e-01
2.878125000000000000e+01 -3.988964715545132211e+00 -2.808709193898121237e-01
2.893750000000000000e+01 -4.028024864204564182e+00 -2.131999364634897254e-01
2.909375000000000000e+01 -4.053746243506407332e+00 -1.101346716127075132e-01
2.925000000000000000e+01 -4.060598496899968879e+00 2.832487516253440196e-02
2.940625000000000000e+01 -4.043051267834550266e+00 2.021787038622362975e-01
2.956250000000000000e+01 -3.997484146583539122e+00 3.747558354639652367e-01
2.971875000000000000e+01 -3.927916510716665144e+00 5.093852909452879496e-01
2.987500000000000000e+01 -3.840277684627741994e+00 6.060670703062052134e-01
3.003125000000000000e+01 -3.740496992710580226e+00 6.648011735467163064e-01
3.018750000000000000e+01 -3.634503759358996611e+00 6.855876006668213396e-01
3.034375000000000000e+01 -3.528227308966803033e+00 6.684263516665207572e-01
3.050000000000000000e+01 -3.427596965927813599e+00 6.133174265458143370e-01
3.065625000000000000e+01 -3.338542054635840639e+00 5.202608253047016351e-01
3.081250000000000000e+01 -3.266991899484698703e+00 3.892565479431834286e-01
3.096875000000000000e+01 -3.218875824868200564e+00 2.203045944612589957e-01
3.112500000000000000e+01 -3.198193311687074658e+00 5.045795992616910336e-02
3.128125000000000000e+01 -3.201224466869706742e+00 -8.323036059484598126e-02
3.143750000000000000e+01 -3.222319553851397345e+00 -1.807603671017865010e-01
3.159375000000000000e+01 -3.255828836067447885e+00 -2.421320595946521159e-01
3.175000000000000000e+01 -3.296102576953159780e+00 -2.673454380734431868e-01
3.190625000000000000e+01 -3.337491039943832227e+00 -2.564005025381594360e-01
3.206250000000000000e+01 -3.374344488474768422e+00 -2.092972529888010302e-01
3.221875000000000000e+01 -3.401013185981266229e+00 -1.260356894253677473e-01
3.237500000000000000e+01 -3.411847395898629287e+00 -6.615811847859920380e-03
3.253125000000000000e+01 -3.401197381662157238e+00 1.489623797437226727e-01
3.268750000000000000e+01 -3.364941179113346337e+00 3.113656551504227488e-01
3.284375000000000000e+01 -3.305067913718474415e+00 4.512607841732826919e-01
3.300000000000000000e+01 -3.225094483350019914e+00 5.686477668123026685e-01
3.315625000000000000e+01 -3.128537785880455058e+00 6.635266030674826787e-01
3.331250000000000000e+01 -3.018914719182256068e+00 7.358972929388225559e-01
3.346875000000000000e+01 -2.899742181127897833e+00 7.857598364263225221e-01
3.362500000000000000e+01 -2.774537069589855687e+00 8.131142335299825774e-01
3.378125000000000000e+01 -2.646816282440604073e+00 8.179604842498024997e-01
3.393750000000000000e+01 -2.520096717552617438e+00 8.002985885857824000e-01
3.409375000000000000e+01 -2.397895272798371558e+00 7.601285465379223893e-01
3.425000000000000000e+01 -2.283140188998219688e+00 7.087525735069655219e-01
3.440625000000000000e+01 -2.176405078764025447e+00 6.574728848936556291e-01
3.456250000000000000e+01 -2.077674897655532593e+00 6.062894806979920448e-01
3.471875000000000000e+01 -1.986934601232484443e+00 5.552023609199756571e-01
3.487500000000000000e+01 -1.904169145054621426e+00 5.042115255596054668e-01
3.503125000000000000e+01 -1.829363484681688190e+00 4.533169746168821956e-01
3.518750000000000000e+01 -1.762502575673426719e+00 4.025187080918055105e-01
3.534375000000000000e+01 -1.703571373589579441e+00 3.518167259843754113e-01
3.550000000000000000e+01 -1.652554833989890559e+00 3.012110282945921758e-01
3.565625000000000000e+01 -1.609437912434100504e+00 2.507016150224555817e-01
3.581250000000000000e+01 -1.574205564481953923e+00 2.002884861679655182e-01
3.596875000000000000e+01 -1.546842745693192578e+00 1.499716417311223182e-01
3.612500000000000000e+01 -1.527334411627559119e+00 9.975108171192564877e-02
3.628125000000000000e+01 -1.515665517844796417e+00 4.962680611037566247e-02
3.643750000000000000e+01 -1.511821019904647567e+00 -4.011850735275712676e-04
3.659375000000000000e+01 -1.515785873366854997e+00 -5.033289183978420511e-02
3.675000000000000000e+01 -1.527545033791160911e+00 -1.001683141883941280e-01
3.690625000000000000e+01 -1.547083456737308849e+00 -1.499074521193573817e-01
3.706250000000000000e+01 -1.574386097765041459e+00 -1.995503056326740077e-01
