#t k ik
0.0 0.004362277317962457 0.0
0.01 0.004157885516444802 4.26008141720363e-05
0.019999999999999997 0.003638156198172736 8.158102274512398e-05
0.03 0.0029959090529904607 0.00011475134900093998
0.04 0.0024111531083570066 0.00014178665980767733
0.049999999999999996 0.0019735535980192937 0.00016371019333955882
0.060000000000000005 0.0016819542279688602 0.0001819877324694996
0.07 0.0014882722831221138 0.00019783886502495446
0.08 0.001340937817342028 0.00021198491552727516
0.09000000000000001 0.0012067846971876273 0.00022472352809992343
0.1 0.0010736455120197792 0.00023612567914596048
0.11 0.0009451049228780003 0.00024621943132044935
0.12000000000000001 0.000833805895283159 0.00025511398541125515
0.13 0.000754006031858597 0.00026305304504696395
0.13999999999999999 0.0007147208167409153 0.0002703966792899615
0.15 0.0007154040418968504 0.0002775473035831504
0.16 0.0007452844592445993 0.00028485074608885764
0.16999999999999998 0.0007865318699805833 0.00029250982773498357
0.18 0.0008201456520286446 0.0003005432153450297
0.19 0.0008324123495676602 0.00030880600535301123
0.19999999999999998 0.0008194426409045273 0.0003170652803053722
0.21 0.0007874645049002835 0.0003250998160343962
0.22 0.0007483429849190115 0.0003327788534834927
0.22999999999999998 0.0007128799837490565 0.00034008496832683304
0.24 0.0006858994644758535 0.0003470788655679576
0.25 0.0006659116219747676 0.0003538379210002107
0.26 0.0006484044649195677 0.00036040950143468236
0.27 0.0006293210758585345 0.0003667981291385729
0.27999999999999997 0.0006069200300356374 0.0003729793346680437
0.29 0.0005825893738751189 0.0003789268816875975
0.3 0.0005604349855187316 0.0003846420034845668
0.31 0.0005451275814291114 0.000390169816319306
0.32 0.0005392113713062819 0.00039559151108298294
0.33 0.0005415095415948753 0.00040099511564748873
0.34 0.0005473322005486878 0.00040643932435820656
0.35 0.0005502835279602528 0.00041192740300075123
0.36 0.0005451254947360229 0.0004174044481142326
0.37 0.000530560029209647 0.00042278287573396095
0.38 0.0005100328060576345 0.0004279858399102974
0.39 0.0004894899438625482 0.0004329834536598983
0.4 0.00047387164762827333 0.0004378002616173524
0.41 0.00046482362217796795 0.0004424937379663836
0.42 0.000460611408835922 0.00044712091312145303
0.43 0.00045778639293516185 0.00045171290213030844
0.44 0.00045322733356423716 0.00045626797076280543
0.45 0.00044556917066560805 0.00046076195328395467
0.46 0.00043556612135385836 0.000465167629744052
0.47 0.00042539505007693377 0.00046947243560120595
0.48 0.0004174374352260941 0.0004736865980277211
0.49 0.0004131008349412666 0.00047783928937855793
0.5 0.0004122632050851124 0.00048196610957868983
0.51 0.0004134396995842872 0.0004860946241020368
0.52 0.00041447938768374853 0.000490234219538377
0.53 0.0004135092330774521 0.000494374162642183
0.54 0.00040971954650621145 0.0004984903065401013
0.55 0.000403588190063667 0.0005025568452229507
0.56 0.0003963965502118566 0.0005065567689243283
0.57 0.0003893948249503847 0.0005104857258001395
0.58 0.0003829737230775739 0.0005143475685402793
0.59 0.00037595704215227354 0.0005181422223664285
0.6 0.00036567123778582535 0.000521850363766119
0.61 0.00034919658808673536 0.0005254247028954819
0.62 0.0003250590513480789 0.000528795981092656
0.63 0.0002944641634640333 0.0005318935971667165
0.64 0.00026108923725161115 0.0005346713641702947
0.65 0.00022955211384878533 0.0005371245709257967
0.66 0.0002036890512831163 0.0005392907767514562
0.67 0.000185493855467345 0.0005412366912852085
0.68 0.00017519688240998863 0.0005430401449745952
0.6900000000000001 0.00017193877720837712 0.0005447758232726871
0.7 0.00017402436774969452 0.0005465056389974774
0.71 0.0001789614725651311 0.0005482705681990515
0.72 0.00018431429783862273 0.0005500869470510702
0.73 0.00018904479437625035 0.0005519537425121446
0.74 0.00019376695711191056 0.0005538678012695855
0.75 0.00019965387127723544 0.0005558349054115312
0.76 0.00020735258980664076 0.0005578699377169505
0.77 0.00021654187881969732 0.0005599894100600822
0.78 0.00022580069615972434 0.0005622011229349794
0.79 0.00023229762475468046 0.0005644916145395514
0.8 0.00023203502081606248 0.0005668132777674051
0.81 0.0002216306031422528 0.0005690816058871967
0.8200000000000001 0.0002007544445347604 0.0005711935311255818
0.83 0.0001731269837199436 0.0005730629382668553
0.84 0.00014488082204827964 0.0005746529772956964
0.85 0.00012131702512917637 0.0005759839665315837
0.86 0.00010478595240917975 0.0005771144814192754
0.87 9.49116243289568e-05 0.0005781129693029661
0.88 8.999151777043804e-05 0.0005790374850134631
0.89 8.834667998879792e-05 0.0005799291760022593
0.9 8.923885268534238e-05 0.00058081710366563
0.91 9.299696513034244e-05 0.0005817282827547084
0.92 0.00010015291069037618 0.000582694032133812
0.93 0.00011059908395867458 0.0005837477921070573
0.9400000000000001 0.00012351491717944467 0.0005849183621127479
0.95 0.0001373431914842976 0.0005862226526560666
0.96 0.0001499659071807451 0.0005876591981493919
0.97 0.00015933693289737477 0.0005892057123497824
0.98 0.00016388937214605533 0.0005908218438749996
0.99 0.00016275113800216836 0.0005924550464257407
1.0 0.00015603723354984937 0.0005940489882835008
1.01 0.0001449311042480756 0.0005955538299724904
1.02 0.00013129027284318964 0.0005969349368579467
1.03 0.00011706834759112937 0.0005981767299601184
1.04 0.00010405264976378722 0.000599282334946893
1.05 9.382548633386848e-05 0.0006002717256273812
1.06 8.75118399396805e-05 0.0006011784122587489
1.07 8.521011668161708e-05 0.0006020420220418554
1.08 8.592378096343117e-05 0.0006028976915300807
1.09 8.830478744598117e-05 0.0006037688343721278
1.1 9.158644886259133e-05 0.0006046682905536707
1.11 9.586158526021739e-05 0.0006056055307242848
1.12 0.00010159149697189393 0.0006065927961354453
1.1300000000000001 0.0001086999554188404 0.0006076442533973989
1.1400000000000001 0.00011574704522189504 0.0006087664884006026
1.15 0.00012036447488026269 0.0006099470460011134
1.16 0.0001209702510217364 0.0006111537196306235
1.17 0.00011807257747353463 0.0006123489337730998
1.18 0.00011382989829468688 0.0006135084461519409
1.19 0.0001104150922392303 0.0006146296711046105
1.2 0.00010867652803220166 0.0006157251292059677
1.21 0.00010781514343381055 0.0006168075875632977
1.22 0.000106112423052585 0.0006178772253957297
1.23 0.00010237684414855673 0.0006189196717317354
1.24 9.711690715307795e-05 0.0006199171404882436
1.25 9.255766105765419e-05 0.0006208655133292973
1.26 9.145734276805175e-05 0.0006217855883484259
1.27 9.513084609973474e-05 0.0006227185292927649
1.28 0.00010215487119528038 0.0006237049578792399
1.29 0.00010927326999576551 0.0006247620985851951
1.3 0.00011374026635118151 0.0006258771662669299
1.31 0.00011511093427323404 0.0006270214222700519
1.32 0.00011521291473953613 0.0006281730415151158
1.33 0.0001165545221294105 0.0006293318786994605
1.34 0.00012063542494915735 0.0006305178284348534
1.35 0.00012724163204182252 0.0006317572137198083
1.36 0.00013516493916357794 0.0006330692465758353
1.37 0.00014346384310201703 0.0006344623904871632
1.3800000000000001 0.00015150965685300762 0.0006359372579869384
1.3900000000000001 0.00015822469521365799 0.0006374859297472717
1.4 0.00016205589884014487 0.0006390873327175407
1.41 0.0001616676027317314 0.0006407059502254001
1.42 0.00015674952640007308 0.0006422980358710591
1.43 0.0001486109004866357 0.0006438248380054927
1.44 0.00013983973310725353 0.0006452670911734622
1.45 0.00013280899964291282 0.000646630334837213
1.46 0.00012832852794771718 0.0006479360224751661
1.47 0.00012570317911772538 0.0006492061810104933
1.48 0.00012401539449621805 0.0006504547738785631
1.49 0.00012325860557295165 0.0006516911438789089
1.5 0.00012414622083500786 0.0006529281680109487
1.51 0.00012678111089955253 0.0006541828046696215
1.52 0.00012986331359780346 0.0006554660267921083
1.53 0.00013135165254022434 0.0006567721016227984
1.54 0.0001297255936401305 0.0006580774878537002
1.55 0.0001248262746916298 0.000659350247195359
1.56 0.00011791639765140051 0.0006605639605570742
1.57 0.00011125981359011712 0.0006617098416132818
1.58 0.00010723039113838363 0.0006628022926369243
1.59 0.00010709314841965242 0.0006638739103347146
1.6 0.00011038318577004761 0.0006649612920056631
1.61 0.00011524353700422746 0.0006660894256195344
1.62 0.0001194625276059923 0.0006672629559425856
1.6300000000000001 0.00012172114489106037 0.0006684688743050708
1.6400000000000001 0.0001222475313395777 0.000669688717686224
1.6500000000000001 0.00012228540022792423 0.0006709113823440615
1.66 0.00012270242117464836 0.0006721363214510744
1.67 0.0001229560676918728 0.0006733646138954069
1.68 0.0001213614227509107 0.0006745862013476209
1.69 0.00011619930456541938 0.0006757740049842026
1.7 0.00010684329512314803 0.0006768892179826455
1.71 9.433564668202111e-05 0.0006778951126916713
1.72 8.09039815237032e-05 0.0006787713108327
1.73 6.865285434195453e-05 0.0006795190950120283
1.74 5.845947102660314e-05 0.0006801546566388711
1.75 4.978371555022959e-05 0.0006806958725717552
1.76 4.127380125405711e-05 0.0006811511601557766
1.77 3.161267623407823e-05 0.0006815155925432173
1.78 2.0223971231979846e-05 0.0006817747757805477
1.79 7.664145497359588e-06 0.0006819142163641944
1.8 -4.1801305386416245e-06 0.000681931636438988
1.81 -1.2167784894156606e-05 0.000681849896861824
1.82 -1.2971567636819955e-05 0.0006817242000991691
1.83 -5.004013575485671e-06 0.0006816343221931076
1.84 9.962735798328754e-06 0.0006816591158042218
1.85 2.691121161240452e-05 0.0006818434855412755
1.86 3.972418534252489e-05 0.0006821766625260501
1.87 4.408027130262383e-05 0.0006825956848092758
1.8800000000000001 3.930598856410214e-05 0.0006830126161086094
1.8900000000000001 2.8275058200100327e-05 0.0006833505213424305
1.9000000000000001 1.571566971705268e-05 0.0006835704749820163
1.91 5.874970712127683e-06 0.0006836784281841621
1.92 5.521130394665385e-07 0.0006837105636029201
1.93 -1.386062308876677e-06 0.0006837063938565731
1.94 -2.8078920330550627e-06 0.0006836854240848634
1.95 -6.369295994494722e-06 0.0006836395381447257
1.96 -1.2837960762018324e-05 0.0006835435018609431
1.97 -2.0571170569995953e-05 0.000683376456204283
1.98 -2.658801362456777e-05 0.0006831406602833102
1.99 -2.882978100948933e-05 0.0006828635713101398
2.0000000000000004 -2.7562322533503765e-05 0.0006825816107924249
2.0100000000000002 -2.4740541167762838e-05 0.0006823200964739186
2.0200000000000005 -2.227226582826362e-05 0.0006820850324389385
2.0300000000000002 -2.0771409970647303e-05 0.0006818698140599439
2.04 -1.990845092718434e-05 0.0006816664147554547
2.0500000000000003 -1.9617960753708875e-05 0.0006814687826970503
2.06 -2.061929645835122e-05 0.00068126759641099
2.0700000000000003 -2.363269477010115e-05 0.0006810463364548477
2.08 -2.8244533497033513e-05 0.0006807869503135121
2.0900000000000003 -3.30391757069224e-05 0.0006804805317674923
2.1 -3.690002937655331e-05 0.0006801308357420749
2.1100000000000003 -3.990060110246515e-05 0.0006797468325896798
2.12 -4.3105369723166045e-05 0.0006793318027355516
2.1300000000000003 -4.757689411598678e-05 0.0006788783914163558
2.14 -5.326343438085244e-05 0.0006783741897738716
2.1500000000000004 -5.853622233145458e-05 0.0006778151914903101
2.16 -6.101070041644718e-05 0.0006772174568765706
2.1700000000000004 -5.923552004955103e-05 0.0006766162257742406
2.18 -5.400524466806443e-05 0.0006760500219506524
2.1900000000000004 -4.7966526774383894e-05 0.0006755401630934402
2.2 -4.3430047755540295e-05 0.0006750831802207906
2.2100000000000004 -4.0411233151230035e-05 0.0006746639738162567
2.22 -3.710275079363646e-05 0.0006742764038965325
2.2300000000000004 -3.210511255509208e-05 0.0006739303645797888
2.24 -2.5891534062278867e-05 0.0006736403813467019
2.2500000000000004 -2.0074469956853684e-05 0.0006734105513266063
2.2600000000000002 -1.5328425901404896e-05 0.0006732335368473149
2.2700000000000005 -1.0513549271332011e-05 0.0006731043269714512
2.2800000000000002 -3.925311083936613e-06 0.0006730321326696749
2.2900000000000005 5.056740505910284e-06 0.0006730377898167848
2.3000000000000003 1.5646955019907434e-05 0.0006731413082944139
2.31 2.6603825553416507e-05 0.0006733525621972805
2.3200000000000003 3.7056415804801844e-05 0.0006736708634040716
2.33 4.653251693353391e-05 0.0006740888080677633
2.3400000000000003 5.4964007041197965e-05 0.000674596290687637
2.35 6.284609321383735e-05 0.0006751853411889122
2.3600000000000003 7.135153871807377e-05 0.0006758563293485718
2.37 8.203903100256612e-05 0.000676623282197175
2.3800000000000003 9.599151108438671e-05 0.0006775134349076097
2.39 0.00011308011991939582 0.0006785587930626287
2.4000000000000004 0.00013171952936040157 0.0006797827913090277
2.41 0.0001492986495500111 0.0006811878822035798
2.4200000000000004 0.00016294288762898527 0.0006827490898894748
2.43 0.00017007492649212443 0.0006844141789600804
2.4400000000000004 0.00016906201641909207 0.0006861098636746365
2.45 0.00016032507890834533 0.0006877567991512738
2.4600000000000004 0.0001467665538932381 0.0006892922573152817
2.47 0.00013237786254283862 0.000690687979397462
2.4800000000000004 0.00012012484845364922 0.0006919504929524445
2.49 0.00011108383467975327 0.0006931065363681115
2.5000000000000004 0.0001050007290304666 0.0006941869591866626
2.5100000000000002 0.00010095229134035023 0.0006952167242885167
2.5200000000000005 9.780905401964748e-05 0.0006962105310153166
2.5300000000000002 9.458661678956364e-05 0.0006971725093693627
2.5400000000000005 9.046738476449709e-05 0.000698097779377133
2.5500000000000003 8.483240655722875e-05 0.0006989742783337416
2.56 7.754507155417322e-05 0.0006997861657242986
2.5700000000000003 6.918101082449977e-05 0.000700519796136192
2.58 6.0823384866180636e-05 0.0007011698181146454
2.5900000000000003 5.3253731411651195e-05 0.0007017402036960346
2.6 4.6386521649471916e-05 0.0007022384049613402
2.6100000000000003 3.9856004340566e-05 0.0007026696175912903
2.62 3.405333677899795e-05 0.0007030391642968882
2.6300000000000003 3.05270420549596e-05 0.000703362066191058
2.64 3.1287175494741644e-05 0.0007036711372788065
2.6500000000000004 3.7434026031422834e-05 0.0007040147432864373
2.66 4.804414027660879e-05 0.0007044421341179775
2.6700000000000004 6.017471665882607e-05 0.0007049832284026546
2.68 7.015683691163186e-05 0.0007056348861705069
2.6900000000000004 7.523219109615321e-05 0.0007063618313105459
2.7 7.430770292733744e-05 0.0007071095307806633
2.7100000000000004 6.80530681533562e-05 0.0007078213346360668
2.72 5.873984426587526e-05 0.000708455299198163
2.7300000000000004 4.91171999303018e-05 0.0007089945844191438
2.74 4.0797355790383716e-05 0.0007094441571977473
2.7500000000000004 3.348450723843327e-05 0.0007098155665128913
2.7600000000000002 2.5656337782137503e-05 0.0007101112707379941
2.7700000000000005 1.6109626972676814e-05 0.0007103201005617682
2.7800000000000002 4.9762372560022806e-06 0.0007104255298829116
2.7900000000000005 -6.358056276951939e-06 0.0007104186207878069
2.8000000000000003 -1.6095971723352683e-05 0.0007103063506478053
2.81 -2.3005715178112374e-05 0.000710110842213298
2.8200000000000003 -2.7013914752723158e-05 0.0007098607440636439
2.83 -2.884218590553835e-05 0.0007095814635603526
2.8400000000000003 -2.9083060600489097e-05 0.0007092918373278224
2.85 -2.7928546918732204e-05 0.0007090067792902263
2.8600000000000003 -2.588112257825638e-05 0.0007087377309427413
2.87 -2.4210023553866e-05 0.0007084872752120807
2.8800000000000003 -2.408331986034055e-05 0.0007082458084950097
2.89 -2.5268984628987328e-05 0.0007079990469725631
2.9000000000000004 -2.5984381824288052e-05 0.0007077427801402967
2.91 -2.41990026581788e-05 0.0007074918632178843
2.9200000000000004 -1.9229295806367216e-05 0.0007072747217255616
2.93 -1.2344499127527296e-05 0.0007071168527508922
2.9400000000000004 -5.822750345659119e-06 0.0007070260165035262
2.95 -1.2902146390875976e-06 0.0007069904516786025
2.9600000000000004 1.1500859403298575e-06 0.0007069897510351088
2.97 2.4319696576100875e-06 0.0007070076613130984
2.9800000000000004 3.4957925157754427e-06 0.0007070373001239654
2.99 4.83972508225971e-06 0.0007070789777119555
3.0000000000000004 6.713167924262896e-06 0.0007071367421769882
3.0100000000000002 9.30317342264935e-06 0.0007072168238837227
3.0200000000000005 1.262195374781535e-05 0.0007073264495195751
3.0300000000000002 1.6445546150834395e-05 0.0007074717870190683
3.0400000000000005 2.0482727668533842e-05 0.0007076564283881651
3.0500000000000003 2.442246555900913e-05 0.0007078809543543028
3.0600000000000005 2.7907234525098278e-05 0.0007081426028547233
3.0700000000000003 3.077834812705317e-05 0.0007084360307679841
3.08 3.340970877093352e-05 0.0007087569710524741
3.0900000000000003 3.671000084875929e-05 0.0007091075696005725
3.1 4.176908773622824e-05 0.0007094999650434974
3.1100000000000003 4.951458822897001e-05 0.0007099563834233234
3.12 6.058470903643784e-05 0.0007105068799096505
3.1300000000000003 7.518969590107467e-05 0.0007111857519343381
3.14 9.27718985621143e-05 0.0007120255599066541
3.1500000000000004 0.00011183733268293844 0.0007130486060628793
3.16 0.00012985616561385035 0.0007142570735543633
3.1700000000000004 0.00014362290588135633 0.0007156244689118393
3.18 0.00015064846687985896 0.0007170958257756453
3.1900000000000004 0.00015043450512462297 0.0007186012406356677
3.2 0.0001444272345706461 0.000720075549334144
3.2100000000000004 0.00013522348200602617 0.0007214738029170273
3.22 0.00012587742239032054 0.000722779307439009
3.2300000000000004 0.00011917540201476422 0.0007240045715610345
3.24 0.00011673578294970282 0.0007251841274858569
3.2500000000000004 0.00011838710351495123 0.0007263597419181801
3.2600000000000002 0.00012219285894715293 0.0007275626417304906
3.2700000000000005 0.00012500700583507424 0.0007287986410544017
3.2800000000000002 0.00012375278668133938 0.0007300424400169838
3.2900000000000005 0.000117082393973068 0.0007312466159202558
3.3000000000000003 0.00010599539900872709 0.0007323620048851648
3.3100000000000005 9.312488350511932e-05 0.000733357606297734
3.3200000000000003 8.159623177147649e-05 0.000734231211874117
3.33 7.41922184516193e-05 0.0007350101541252325
3.3400000000000003 7.266300655721613e-05 0.0007357444302502767
3.35 7.689184146672314e-05 0.0007364922044903963
3.3600000000000003 8.466427851612614e-05 0.0007372999850903106
3.37 9.267587099804623e-05 0.0007381866858378814
3.3800000000000003 9.828370845697781e-05 0.0007391414837351565
3.39 0.00010075475842727051 0.0007401366760695778
3.4000000000000004 0.00010095867026022295 0.0007411452432130153
3.41 9.992532584831417e-05 0.000742149663193558
3.4200000000000004 9.808509572845584e-05 0.0007431397153014419
3.43 9.584792495751483e-05 0.0007441093804048717
3.4400000000000004 9.434803124867949e-05 0.0007450603601859027
3.45 9.50231799046962e-05 0.0007460072162416696
3.4600000000000004 9.838065091257813e-05 0.0007469742353957559
3.47 0.0001034669049389053 0.0007479834731750133
3.4800000000000004 0.00010868911981916125 0.0007490442532988036
3.49 0.0001131430924146367 0.0007501534143599726
3.5000000000000004 0.00011715097063575531 0.0007513048846752245
3.5100000000000002 0.00012159282849462887 0.0007524986036708764
3.5200000000000005 0.00012704073157325036 0.0007537417714712158
3.5300000000000002 0.00013363183522957335 0.00075504513430523
3.5400000000000005 0.000141319869803091 0.0007564198928303933
3.5500000000000003 0.00014984831401661922 0.0007578757337494919
3.5600000000000005 0.00015848931612795988 0.0007594174219002148
3.5700000000000003 0.00016584638542883662 0.0007610391004079988
3.58 0.00017025040896717842 0.0007627195843799789
3.5900000000000003 0.00017073850020388922 0.0007644245289258342
3.6 0.00016760298644679872 0.0007661162363590876
3.6100000000000003 0.00016188187745920269 0.0007677636606786177
3.62 0.00015463305490133093 0.0007693462353404204
3.6300000000000003 0.00014673010124724052 0.0007708530511211632
3.64 0.00013895559275104203 0.0007722814795911546
3.6500000000000004 0.0001319267486396399 0.0007736358912981081
3.66 0.0001257850931754757 0.0007749244505071836
3.6700000000000004 0.00012018917570807184 0.0007761543218516014
3.68 0.00011488540761211788 0.0007773296947682024
3.6900000000000004 0.000110385331460814 0.000778456048463567
3.7 0.00010793765651449493 0.0007795476634034435
3.7100000000000004 0.0001085357947243718 0.0007806300306596378
3.72 0.00011214056402210744 0.0007817334124533702
3.7300000000000004 0.00011765643512688397 0.0007828823974491152
3.74 0.00012322151147048643 0.0007840867871821021
3.7500000000000004 0.00012685356824385617 0.0007853371625806737
3.7600000000000002 0.00012719181576312594 0.0007866073895007086
3.7700000000000005 0.00012395162363400202 0.0007878631066976943
3.7800000000000002 0.00011774417263644545 0.0007890715856790465
3.7900000000000005 0.00010935435494818198 0.0007902070783169697
3.8000000000000003 9.945304603629122e-05 0.0007912511153218921
3.8100000000000005 8.897634031627354e-05 0.0007921932622536549
3.8200000000000003 7.912222897462265e-05 0.0007930337551001095
3.83 7.078223880715378e-05 0.0007937832774390183
3.8400000000000003 6.409036892218573e-05 0.000794457640477665
3.85 5.842121498033371e-05 0.0007950701983971775
3.8600000000000003 5.301811220524314e-05 0.0007956273950331054
3.87 4.800232688905169e-05 0.000796132497228577
3.8800000000000003 4.489441735424089e-05 0.0007965969809497934
3.89 4.620519005918208e-05 0.0007970524789868605
3.9000000000000004 5.3905485068137004e-05 0.0007975530323624971
3.91 6.790891976154491e-05 0.0007981621043866455
3.9200000000000004 8.595375199345508e-05 0.0007989314177454205
3.93 0.00010461571284374844 0.0007998842650696065
3.9400000000000004 0.00012078526315722213 0.0008010112699496114
3.95 0.00013297880920057662 0.0008022800903114004
3.9600000000000004 0.0001416039167329213 0.0008036530039410679
3.97 0.0001481401174442529 0.0008051017241119538
3.9800000000000004 0.0001541605587611319 0.0008066132274929807
3.99 0.00016055515168323062 0.0008081868060452025
4.0 0.00016730100323108303 0.0008098260868197741
4.010000000000001 0.00017362439936853392 0.0008115307138327722
4.0200000000000005 0.00017834595647322257 0.0008132905656119809
4.03 0.00018069334280003011 0.0008150857621083471
4.04 0.00018110820975054888 0.0008168947698711
4.050000000000001 0.00018087468521010456 0.0008187046843459033
4.0600000000000005 0.00018095163965273434 0.0008205138159702174
4.07 0.0001814096392643757 0.000822325622364803
4.08 0.0001815961207431634 0.0008241406511648407
4.09 0.00018043831625404847 0.0008259508233498268
4.1000000000000005 0.00017670656959600401 0.000827736547779077
4.11 0.00016954620500038865 0.000829467811652059
4.12 0.00015931938899428605 0.0008311121396220324
4.13 0.00014786806717576178 0.0008326480769028827
4.140000000000001 0.00013776373429916374 0.0008340762359102573
4.15 0.0001311930592033063 0.0008354210198777696
4.16 0.00012905451846634917 0.0008367222577661178
4.17 0.00013060300273053227 0.0008380205453721023
4.180000000000001 0.00013376616596336692 0.0008393423912155717
4.19 0.00013600863223171605 0.0008406912652065471
4.2 0.0001350935452029327 0.0008420467760937204
4.21 0.000129362090309937 0.0008433690542712847
4.220000000000001 0.00011793789392863408 0.0008446055541924775
4.23 0.00010122780448408173 0.0008457013826845411
4.24 8.137475392541558e-05 0.0008466143954765885
4.25 6.202212944712896e-05 0.0008473313798934512
4.260000000000001 4.6958896529998365e-05 0.0008478762850233369
4.2700000000000005 3.827353736803987e-05 0.000848302447192827
4.28 3.520899375422347e-05 0.0008486698598484384
4.29 3.455411457820544e-05 0.0008490186753901005
4.300000000000001 3.2445052717683157e-05 0.0008493536712265799
4.3100000000000005 2.628715057999283e-05 0.0008496473322430683
4.32 1.56620019691272e-05 0.0008498570780058139
4.33 2.0657393330518823e-06 0.0008499457167123249
4.340000000000001 -1.188223148904351e-05 0.0008498966342515449
4.3500000000000005 -2.3157754335027187e-05 0.0008497214343224245
4.36 -2.905260760665123e-05 0.0008494603825127161
4.37 -2.8026322063612154e-05 0.0008491749878643647
4.38 -2.026268591484965e-05 0.0008489335428244724
4.390000000000001 -7.843335861735797e-06 0.0008487930127155895
4.4 5.535279519407997e-06 0.0008487814724338778
4.41 1.5784309931320666e-05 0.0008488880703811314
4.42 2.0244659280946826e-05 0.0008490682152271928
4.430000000000001 1.9102199495168307e-05 0.0008492649495210733
4.44 1.5321692704524767e-05 0.0008494370689820718
4.45 1.2809732573401733e-05 0.0008495777261084613
4.46 1.4125306634651325e-05 0.0008497124013045016
4.470000000000001 1.9400535434314925e-05 0.0008498800305148465
4.48 2.6886827448327602e-05 0.0008501114673292598
4.49 3.4479735854055444e-05 0.0008504183001457717
4.5 4.086236479735641e-05 0.0008507950106490288
4.510000000000001 4.5378949303360074e-05 0.0008512262172195324
4.5200000000000005 4.7505707136480156e-05 0.0008516906405017315
4.53 4.690466049613666e-05 0.0008521626923398946
4.54 4.4007393566518284e-05 0.0008526172526102079
4.550000000000001 4.025676842348628e-05 0.0008530385734201579
4.5600000000000005 3.7348229070508075e-05 0.0008534265984076278
4.57 3.631856935250997e-05 0.0008537949323997429
4.58 3.7630768384670585e-05 0.0008541646790884287
4.590000000000001 4.152695489905256e-05 0.0008545604677048474
4.6000000000000005 4.7811479115744786e-05 0.0008550071598749213
4.61 5.560939874161678e-05 0.0008555242642642081
4.62 6.367691253442292e-05 0.0008561206958205884
4.63 7.095435326422272e-05 0.0008567938521495816
4.640000000000001 7.674573273812091e-05 0.0008575323525795933
4.65 8.058825730154104e-05 0.0008583190225297916
4.66 8.250864740615594e-05 0.0008591345070533301
4.67 8.362186193578562e-05 0.0008599651596000399
4.680000000000001 8.594878041577147e-05 0.0008608130128117976
4.69 9.131932286232003e-05 0.0008616993533281881
4.7 0.00010037362727664372 0.0008626578180788829
4.71 0.00011213579659321122 0.0008637203651982322
4.720000000000001 0.00012442236364814877 0.000864903155999439
4.73 0.00013508189830159037 0.0008662006773091877
4.74 0.0001430082602955443 0.0008675911281021734
4.75 0.00014827795291910456 0.0008690475591682467
4.760000000000001 0.000151533788603464 0.0008705466178758596
4.7700000000000005 0.0001533005392822784 0.0008720707895152883
4.78 0.00015380754685356907 0.0008736063299459675
4.79 0.00015287513644633705 0.0008751397433624671
4.800000000000001 0.00014991461258790655 0.0008766536921076384
4.8100000000000005 0.00014456328971968786 0.0008781260816191764
4.82 0.00013737960702653643 0.0008795357961029075
4.83 0.00012981889055366095 0.0008808717885908085
4.840000000000001 0.00012379859959449528 0.0008821398760415493
4.8500000000000005 0.00012094464248096184 0.0008833635922519266
4.86 0.00012172825033662742 0.0008845769567160146
4.87 0.000125174383046193 0.0008858114698829287
4.88 0.00012933449632094614 0.0008870840142797644
4.890000000000001 0.00013241681048145655 0.0008883927708137764
4.9 0.00013413580386064468 0.0008897255338854869
4.91 0.00013613696482699935 0.0008910768977289251
4.92 0.0001406526249500688 0.0008924608456778105
4.930000000000001 0.0001485370718623695 0.0008939067941618727
4.94 0.0001585028358022534 0.0008954419937001959
4.95 0.00016791940696203006 0.0008970741049140173
4.96 0.00017438855612514654 0.0008987856447294532
4.970000000000001 0.00017683290836159173 0.000900541752051887
4.98 0.00017565748806657664 0.0009023042040340278
4.99 0.00017183452134538746 0.0009040416640810876
5.0 0.0001658480892325375 0.0009057300771339773
5.010000000000001 0.0001576270121986251 0.0009073474526411331
5.0200000000000005 0.0001471285797600191 0.0009088712306009263
5.03 0.0001348317455973909 0.0009102810322277133
5.04 0.00012180993134249099 0.0009115642406124127
5.050000000000001 0.00010937060251836101 0.000912720143281717
5.0600000000000005 9.858621874214871e-05 0.0009137599273880196
5.07 9.022263236158454e-05 0.0009147039716435382
5.08 8.487415005881402e-05 0.0009155794555556402
5.090000000000001 8.265119239098077e-05 0.0009164170822678892
5.1000000000000005 8.307224311889488e-05 0.0009172456994454385
5.11 8.519442987662881e-05 0.0009180870328104162
5.12 8.817177097890106e-05 0.0009189538638146938
5.13 9.189148007231338e-05 0.00091985418006995
5.140000000000001 9.68388225874029e-05 0.0009207978315832486
5.15 0.00010339639257247335 0.0009217990076590479
5.16 0.00011152786948540932 0.0009228736289693374
5.17 0.00012082766117673726 0.0009240354066226481
5.180000000000001 0.00013039363861979303 0.0009252915131216308
5.19 0.00013905023588398793 0.0009266387324941497
5.2 0.000146153997183574 0.0009280647536594875
5.21 0.00015160082008287506 0.0009295535277458198
5.220000000000001 0.0001547650275877475 0.0009310853569841729
5.23 0.00015418526632334393 0.0009326301084537284
5.24 0.00014849416041305536 0.0009341435055874104
5.25 0.00013753944068320688 0.0009355736735928917
5.260000000000001 0.000122518737458857 0.0009368739644836021
5.2700000000000005 0.00010533220675415933 0.0009380132192046671
5.28 8.833216449511545e-05 0.0009389815410609135
5.29 7.418589078099428e-05 0.000939794131337294
5.300000000000001 6.568076808234432e-05 0.0009404934646316107
5.3100000000000005 6.497325159527049e-05 0.0009411467347299988
5.32 7.243234330009456e-05 0.0009418337627044756
5.33 8.583724701910395e-05 0.0009426251106560716
5.340000000000001 0.00010081300174272842 0.0009435583618998808
5.3500000000000005 0.00011272639731944809 0.0009446260588951916
5.36 0.00011878017781205696 0.0009457835917708492
5.37 0.00011887903119525024 0.0009469718878158857
5.38 0.00011536173685457833 0.0009481430916561349
5.390000000000001 0.00011168342726544601 0.000949278317476735
5.4 0.00011103573156252098 0.0009503919132708748
5.41 0.00011480089563657632 0.0009515210964068703
5.42 0.00012210699984664086 0.0009527056358842864
5.430000000000001 0.0001301984248808989 0.0009539671630079241
5.44 0.00013598066052267885 0.000955298058434942
5.45 0.00013758495361426872 0.0009566658865056268
5.46 0.00013496594510753647 0.0009580286409992359
5.470000000000001 0.00012955448491511751 0.0009593512431493492
5.48 0.00012320536454372145 0.0009606150423966433
5.49 0.00011712370969964291 0.0009618166877678601
5.5 0.00011186393716810325 0.0009629616260021989
5.510000000000001 0.00010790244230914879 0.0009640604578995852
5.5200000000000005 0.0001057870879330754 0.0009651289055507963
5.53 0.00010588900977743616 0.0009661872860393489
5.54 0.00010804829075303388 0.0009672569725420012
5.550000000000001 0.00011151941629615843 0.0009683548110772472
5.5600000000000005 0.00011578449638553713 0.0009694913306406556
5.57 0.00012117530700491714 0.000970676129657608
5.58 0.0001281756267172974 0.0009719228843262191
5.590000000000001 0.00013681086597762786 0.0009732478167896937
5.6000000000000005 0.0001458455356493757 0.0009746610987978287
5.61 0.00015267666626968962 0.000976153709807424
5.62 0.00015466855866242823 0.0009776904359320845
5.63 0.00015055110168705042 0.0009792165342338319
5.640000000000001 0.00014160043078901131 0.0009806772918962122
5.65 0.00013134674496561433 0.0009820420277749852
5.66 0.00012366003516441022 0.0009833170616756353
5.67 0.00012077052901730121 0.000984539214496544
5.680000000000001 0.00012194933850042767 0.0009857528138341326
5.69 0.0001246648176366931 0.0009869858846148181
5.7 0.00012640069130241937 0.0009882412121595136
5.71 0.00012598589579240345 0.0009895031450949878
5.720000000000001 0.00012414967069950125 0.0009907538229274474
5.73 0.0001226989197659012 0.0009919880658797744
5.74 0.00012336587174726935 0.0009932183898373403
5.75 0.00012702316089490429 0.000994470335000551
5.760000000000001 0.00013342911299689077 0.00099577259637001
5.7700000000000005 0.0001415075495862482 0.0009971472796829258
5.78 0.00014982696132817991 0.0009986039522374979
5.79 0.0001571226379786396 0.001000138700234032
5.800000000000001 0.00016266073603847742 0.0010017376171041175
5.8100000000000005 0.00016624987791769805 0.0010033821701738983
5.82 0.00016798879893965303 0.0010050533635581852
5.83 0.0001681828661128827 0.0010067342218834478
5.840000000000001 0.00016746052391559442 0.00100841243883359
5.8500000000000005 0.00016653393721573654 0.0010100824111392468
5.86 0.00016594704186576178 0.0010117448160346543
5.87 0.00016615657477254026 0.0010134053341178458
5.88 0.00016746986923729302 0.001015073466337895
5.890000000000001 0.00016977883406600809 0.0010167597098544115
5.9 0.00017274896154649365 0.001018472348832474
5.91 0.00017631852218483703 0.0010202176862511307
5.92 0.0001809635912389301 0.0010220040968182496
5.930000000000001 0.00018740529310971434 0.0010238459412399929
5.94 0.0001960880904266621 0.0010257634081576748
5.95 0.0002065538436417613 0.001027776617828017
5.96 0.00021710692125981388 0.0010298949216525249
5.970000000000001 0.00022506862415406684 0.0010321057993795942
5.98 0.0002277428721602353 0.0010343698568611656
5.99 0.00022405335116080342 0.0010366288379777709
6.0 0.00021553515924831632 0.0010388267805298164
6.010000000000001 0.0002054351768291776 0.0010409316322102038
6.0200000000000005 0.00019678417906433108 0.0010429427289896714
6.03 0.0001910169528415045 0.0010448817346492005
6.04 0.00018804173425887672 0.0010467770280847024
6.050000000000001 0.0001872821798657376 0.0010486536476553255
6.0600000000000005 0.00018845278566299465 0.0010505323224829692
6.07 0.00019150032500836537 0.0010524320880363261
6.08 0.00019584932697118738 0.0010543688362962239
6.090000000000001 0.00019997257043954668 0.0010563479457832774
6.1000000000000005 0.00020203544890759926 0.0010583579858800133
6.11 0.00020094765154920775 0.0010603729013822973
6.12 0.00019724148490490713 0.001062363847064568
6.130000000000001 0.00019296710030612465 0.001064314889990623
6.140000000000001 0.00019027816597191177 0.0010662311163220134
6.15 0.00019013280771833075 0.0010681331711904646
6.16 0.0001919033811843884 0.0010700433521349782
6.17 0.00019394827258791656 0.0010719726104038397
6.180000000000001 0.00019566988063395528 0.001073920701169949
6.19 0.00019792606433269321 0.0010758886808947823
6.2 0.00020236548765427775 0.0010778901386547172
6.21 0.00020911506381031378 0.0010799475414120401
6.220000000000001 0.00021659976661129462 0.0010820761155641483
6.23 0.0002226242026073475 0.0010842722354102415
6.24 0.00022542208608043648 0.0010865124668536805
6.25 0.00022420043293602923 0.0010887605794487629
6.260000000000001 0.00021905588524464038 0.0010909768610396662
6.2700000000000005 0.00021083304638441246 0.0010931263056978115
6.28 0.00020064291511858882 0.0010951836855053266
6.29 0.0001894372776493812 0.0010971340864691665
6.300000000000001 0.0001785661252381425 0.001098974103483604
6.3100000000000005 0.00016993456351004242 0.001100716606927345
6.32 0.0001651811868870924 0.0011023921856793306
6.33 0.00016525170128659598 0.001104044350120199
6.340000000000001 0.00016997393312599395 0.001105720478292262
6.3500000000000005 0.00017782425303211293 0.0011074594692230526
6.36 0.00018654321753739796 0.0011092813065759002
6.37 0.00019420737584349734 0.0011111850595428047
6.380000000000001 0.00019989786944262677 0.0011131555857692354
6.390000000000001 0.0002039370373942955 0.00111517476030342
6.4 0.0002073223522178534 0.001117231057251481
6.41 0.00021077743299561562 0.0011193215561775482
6.42 0.00021440332038567995 0.0011214474599444547
6.430000000000001 0.00021790840060275691 0.0011236090185493969
6.44 0.00022099423182827787 0.001125803531711552
6.45 0.000223427674866807 0.0011280256412450275
6.46 0.0002252468052792191 0.0011302690136457576
6.470000000000001 0.0002266261164099222 0.0011325283782542034
6.48 0.00022705153398128712 0.0011347967665061595
6.49 0.00022518680162256005 0.0011370579581841788
6.5 0.00021983731635072547 0.0011392830787740453
6.510000000000001 0.00021106575505588048 0.0011414375941310782
6.5200000000000005 0.00020087982344715633 0.0011434973220235934
6.53 0.00019241524980063686 0.0011454637973898323
6.54 0.00018838300971205213 0.0011473677886873958
6.550000000000001 0.00018973440801394034 0.0011492583757760258
6.5600000000000005 0.00019531333560301545 0.0011511836144941106
6.57 0.00020221794429757251 0.0011531712708936135
6.58 0.0002067641801820333 0.0011552161815160116
6.590000000000001 0.0002065315878807596 0.0011572826603563255
6.6000000000000005 0.00020169246157405608 0.0011593237806035996
6.61 0.0001947300870658706 0.0011613058933467994
6.62 0.0001889530249126944 0.0011632243089066921
6.630000000000001 0.00018666672285694126 0.0011651024076455403
6.640000000000001 0.00018821530487030612 0.0011669768177841764
6.65 0.00019241738901645743 0.0011688799812536103
6.66 0.00019779506413184617 0.0011708310435193517
6.67 0.00020340734715633098 0.0011728370555757926
6.680000000000001 0.00020829909757389374 0.0011748955877994437
6.69 0.00021053547803942188 0.0011769897606775102
6.7 0.0002079243016742644 0.0011790820595760786
6.71 0.0002000344427339394 0.0011811218532981197
6.720000000000001 0.0001892791086691555 0.0011830684210551352
6.73 0.00017975111248972055 0.0011849135721609296
6.74 0.00017501216276297212 0.0011866873885371932
6.75 0.0001764979861284137 0.0011884449392816502
6.760000000000001 0.0001831279385395674 0.0011902430689049901
6.7700000000000005 0.00019197284476318708 0.0011921185728215038
6.78 0.00019966375463925561 0.001194076755818516
6.79 0.00020390582581066304 0.0011960946037207654
6.800000000000001 0.0002043614938697371 0.0011981359403191675
6.8100000000000005 0.00020250988126332885 0.0012001702971948327
6.82 0.00020057058923199906 0.0012021856995473093
6.83 0.00020055826318964403 0.0012041913438094176
6.840000000000001 0.00020372037850870846 0.0012062127370179095
6.8500000000000005 0.00020974089336522038 0.0012082800433772791
6.86 0.00021631121892428214 0.0012104103039387267
6.87 0.00021985614283162241 0.0012125911407475062
6.880000000000001 0.00021728820401286538 0.0012147768624817285
6.890000000000001 0.00020825359467613 0.0012169045714751734
6.9 0.00019597240169021986 0.0012189257014570052
6.91 0.00018564009623892332 0.001220833763946651
6.92 0.00018175403341483785 0.0012226707345949198
6.930000000000001 0.00018631332299017507 0.001224511071376945
6.94 0.00019844919775079792 0.0012264348839806497
6.95 0.00021487432195744664 0.001228501501579191
6.96 0.00023084613786696827 0.001230730103878313
6.970000000000001 0.00024210126090059357 0.0012330948408721509
6.98 0.0002469378655147946 0.0012355400365042278
6.99 0.00024657617558344305 0.001238007606709719
7.0 0.00024379653603567633 0.0012404594702678147
7.010000000000001 0.00024100208717492988 0.0012428834633838677
7.0200000000000005 0.00023906078236779133 0.0012452837777315812
7.03 0.00023751420034195608 0.00124766665264513
7.04 0.0002350219826366918 0.001250029333560023
7.050000000000001 0.00023002000636261648 0.0012523545435050196
7.0600000000000005 0.0002218406459240869 0.001254613846766453
7.07 0.0002116008370950765 0.001256781054181549
7.08 0.00020171219255460157 0.0012588476193297973
7.090000000000001 0.0001943715853999543 0.0012608280382195702
7.1000000000000005 0.00019022928023217992 0.0012627510425477309
7.11 0.00018832577580014655 0.0012646438178278924
7.12 0.00018727005222861362 0.001266521796968036
7.130000000000001 0.00018624471895565433 0.0012683893708239575
7.140000000000001 0.00018481465786060214 0.0012702446677080388
7.15 0.00018243109816111342 0.0012720808964881475
7.16 0.0001784957131346325 0.0012738855305446262
7.17 0.0001729970076071947 0.0012756429941483353
7.180000000000001 0.00016710141649406142 0.0012773434862688416
7.19 0.0001622718390833079 0.0012789903525467284
7.2 0.00015876314028972618 0.0012805955274435936
7.21 0.00015553898193412146 0.0012821670380547129
7.220000000000001 0.00015156790442037715 0.0012837025724864854
7.23 0.000146757770684273 0.0012851942008620086
7.24 0.00014167486418475614 0.0012866363640363537
7.25 0.00013742746752068313 0.0012880318756948808
7.260000000000001 0.00013551415511875602 0.001289396583808078
7.2700000000000005 0.0001370197116427361 0.0012907592531418855
7.28 0.00014193357567736836 0.001292154019578486
7.29 0.00014933555198923596 0.001293610365216819
7.300000000000001 0.00015810633058814793 0.001295147574629706
7.3100000000000005 0.00016761634537059203 0.0012967761880094996
7.32 0.00017801194714064136 0.0012985043294720558
7.33 0.00018963600992719413 0.001300342569257395
7.340000000000001 0.0002021500401796565 0.0013023014995079292
7.3500000000000005 0.0002144236436059363 0.0013043843679268572
7.36 0.000224877646682705 0.0013065808743783003
7.37 0.0002322191843549535 0.0013088663585334886
7.380000000000001 0.00023604453071930922 0.0013112076771088599
7.390000000000001 0.00023692791331816033 0.0013135725393290472
7.4 0.0002359706152583753 0.0013159370319719298
7.41 0.00023459248714338864 0.0013182898474839385
7.42 0.00023419519411848182 0.001320633785890248
7.430000000000001 0.0002354490199053853 0.0013229820069603673
7.44 0.0002378819995731207 0.0013253486620577598
7.45 0.00024000382665654473 0.0013277380911889082
7.46 0.00024015868819536948 0.0013301389037631678
7.470000000000001 0.0002377264762710162 0.0013325283295854999
7.48 0.00023375455029869732 0.0013348857347183485
7.49 0.0002298921063591201 0.0013372039680016375
7.5 0.0002269463648426062 0.0013394881603576462
7.510000000000001 0.000224717293197209 0.0013417464786478453
7.5200000000000005 0.0002225969463047461 0.001343983049845355
7.53 0.00022044598962201004 0.0013461982645249888
7.54 0.00021868922153764765 0.0013483939405807871
7.550000000000001 0.00021770943833263528 0.0013505759338801385
7.5600000000000005 0.0002174562631391294 0.0013527517623874972
7.57 0.00021731263958449856 0.0013549256069011154
7.58 0.000216083844708617 0.001357092589322581
7.590000000000001 0.00021230030447693166 0.0013592345100685089
7.6000000000000005 0.0002048972248858872 0.001361320497715323
7.61 0.00019336132459966943 0.0013633117904627509
7.62 0.00017760954663544393 0.0013651666448189265
7.630000000000001 0.00015813482190319743 0.0013668453666616197
7.640000000000001 0.0001364516031873348 0.0013683182987870724
7.65 0.00011486903147623412 0.0013695749019603902
7.66 9.524436277295497e-05 0.0013706254689316362
7.67 7.780754082893304e-05 0.0013714907284496456
7.680000000000001 6.130173442137907e-05 0.0013721862748258971
7.69 4.471194643045066e-05 0.0013727163432301563
7.7 2.8916100664327194e-05 0.0013730844834656303
7.71 1.6617236677605595e-05 0.00137331215015234
7.720000000000001 1.0889689844280509e-05 0.0013734496847849493
7.73 1.326605902539957e-05 0.0013735704635292978
7.74 2.2742156450722356e-05 0.0013737505046066785
7.75 3.63924942503921e-05 0.0013740461778601841
7.760000000000001 5.069799866272406e-05 0.0013744816303247497
7.7700000000000005 6.259633295832447e-05 0.001375048101982855
7.78 7.010968648742924e-05 0.0013757116320800838
7.79 7.276984682001929e-05 0.001376426029746621
7.800000000000001 7.173647747618208e-05 0.001377148561368102
7.8100000000000005 6.90353395794768e-05 0.0013778524204533804
7.82 6.637569397096906e-05 0.0013785294756211326
7.83 6.459178969325087e-05 0.0013791843130394538
7.840000000000001 6.358846766249872e-05 0.0013798252143262326
7.8500000000000005 6.280724823460094e-05 0.0013804571929057182
7.86 6.22607854758523e-05 0.0013810825330742705
7.87 6.301472845480401e-05 0.001381708910643924
7.880000000000001 6.669240808148202e-05 0.0013823574463266053
7.890000000000001 7.4461146421837e-05 0.0013830632140991218
7.9 8.614702967299706e-05 0.001383866254979596
7.91 0.00010021466262791502 0.0013847980634411005
7.920000000000001 0.00011426455478096028 0.001385870459528145
7.930000000000001 0.0001257519919941996 0.0013870705422620207
7.94 0.00013288559081324944 0.001388363730176058
7.95 0.00013495575301467625 0.0013897029368951975
7.96 0.00013202473144058804 0.001391037839317474
7.970000000000001 0.00012456092258010355 0.0013923207675875773
7.98 0.00011349007648916816 0.0013935110225829237
7.99 0.0001004761851691989 0.0013945808538912154
8.0 8.791004854217095e-05 0.0013955227850597724
8.01 7.826735688227269e-05 0.0013963536720868945
8.02 7.295280760260567e-05 0.001397109772909319
8.030000000000001 7.153417535051487e-05 0.0013978322078240844
8.040000000000001 7.219405186539737e-05 0.001398550848960164
8.05 7.30393535961104e-05 0.0013992770159874715
8.06 7.339395656999087e-05 0.001400009182538302
8.07 7.419778459906643e-05 0.0014007471412441472
8.08 7.711454905797215e-05 0.0014015037029124324
8.09 8.306232202751434e-05 0.0014023045872678598
8.1 9.139098520521284e-05 0.0014031768538040235
8.110000000000001 0.00010008815631802337 0.0014041342495116397
8.120000000000001 0.00010658555147048122 0.0014051676180505822
8.13 0.00010913799448151699 0.0014062462357803422
8.14 0.00010772623251869996 0.0014073305569153433
8.15 0.00010342324754374615 0.0014083863043156555
8.16 9.726020465889636e-05 0.0014093897215766687
8.17 8.993016246142742e-05 0.0014103256734122702
8.18 8.203570537977137e-05 0.0014111855027514762
8.19 7.406785227151002e-05 0.0014119660205397326
8.200000000000001 6.585282610706981e-05 0.0014126656239316256
8.21 5.632533735646256e-05 0.0014132765147489433
8.22 4.4721928617939286e-05 0.0014137817510788153
8.23 3.1765980946579545e-05 0.0014141641906266378
8.24 1.9851700257370993e-05 0.0014144222790326577
8.25 1.2133583725768379e-05 0.0014145822054525733
8.26 1.0696993121328417e-05 0.0014146963583368088
8.27 1.5187066238073842e-05 0.0014148257786336057
8.280000000000001 2.3437925424608163e-05 0.001415018903591919
8.290000000000001 3.3558315529395824e-05 0.001415303884796689
8.3 4.489546096072049e-05 0.0014156961536791394
8.31 5.7591830040786786e-05 0.001416208590134147
8.32 7.15270711992115e-05 0.001416854184640347
8.33 8.548460677924894e-05 0.0014176392430302392
8.34 9.757720277813314e-05 0.0014185545520780261
8.35 0.00010646030960724507 0.001419574739639953
8.360000000000001 0.00011190859027709181 0.0014206665841393748
8.370000000000001 0.00011438749753965549 0.0014217980645784586
8.38 0.00011420838617727747 0.0014229410439970433
8.39 0.00011117857634607555 0.00142406797880966
8.4 0.00010526887488201457 0.0014251502160658005
8.41 9.7516697068834e-05 0.0014261641439255548
8.42 8.99290899118663e-05 0.0014271013728604583
8.43 8.488240444219107e-05 0.0014279754303322286
8.44 8.440310929175326e-05 0.0014288218579008984
8.450000000000001 8.91943488286921e-05 0.0014296898451915006
8.46 9.767621514262651e-05 0.0014306241980113572
8.47 0.00010672511882478698 0.0014316462046811943
8.48 0.0001140363274660633 0.0014327500119126486
8.49 0.00011984026892991541 0.0014339193948946286
8.5 0.0001263336210218293 0.0014351502643443874
8.51 0.00013558970677793566 0.0014364598809833862
8.52 0.0001479360734134609 0.0014378775098843432
8.530000000000001 0.00016168544728029265 0.001439425617487812
8.540000000000001 0.00017411254333257644 0.0014411046074408764
8.55 0.00018290934574045865 0.0014428897168862415
8.56 0.000187155144431203 0.0014447400393371
8.57 0.0001878708790203031 0.0014466151694543575
8.58 0.00018766182202094314 0.0014484928329595637
8.59 0.00018954841716018166 0.0014503788841554693
8.6 0.00019559528725965995 0.0014523046026775686
8.610000000000001 0.00020586900743502465 0.001454311924151042
8.620000000000001 0.0002185370684585363 0.0014564339545305098
8.63 0.00023088914893305026 0.0014586810856174676
8.64 0.00024097458665797657 0.0014610404042954227
8.65 0.0002480488481193256 0.0014634855214693092
8.66 0.0002523143918519528 0.0014659873376691656
8.67 0.0002549245045438874 0.0014685235321511448
8.68 0.0002578212123495746 0.0014710872607356122
8.690000000000001 0.00026265241673558944 0.001473689628881038
8.700000000000001 0.0002694542260469632 0.0014763501620949507
8.71 0.0002765619039664147 0.0014790802427450177
8.72 0.0002819684473320257 0.00148187289450151
8.73 0.00028476109775733746 0.0014847065422269568
8.74 0.0002854001167543151 0.0014875573482995151
8.75 0.0002849698503724967 0.0014904091981351492
8.76 0.0002846142486819109 0.0014932571186304212
8.77 0.0002850545312408387 0.001496105462530035
8.780000000000001 0.00028624914197014335 0.0014989619808960899
8.790000000000001 0.0002872499326033546 0.0015018294762689573
8.8 0.0002862823626553885 0.0015046971377452511
8.81 0.00028149080982232705 0.0015075360036076397
8.82 0.000272514176609521 0.0015103060285397989
8.83 0.0002611447813769239 0.001512974323329731
8.84 0.00025032708631863286 0.001515531682668209
8.85 0.000242428192797962 0.0015179954590637918
8.860000000000001 0.00023834680615508036 0.001520399334058557
8.870000000000001 0.00023765039083435886 0.0015227793200435042
8.88 0.00023904634923754473 0.0015251628037438638
8.89 0.000241192229465142 0.0015275639966373772
8.9 0.0002435244647028193 0.0015299875801082171
8.91 0.000246223933419753 0.00153243632209883
8.92 0.00024949894698924653 0.001534914936500875
8.93 0.00025288823737766353 0.0015374268724227095
8.940000000000001 0.0002551346190427265 0.0015399669867048114
8.950000000000001 0.0002548598158417436 0.0015425169588792337
8.96 0.000251127533296471 0.0015450468956249247
8.97 0.0002435741996523446 0.0015475204042896687
8.98 0.00023252000468282453 0.0015499008753113446
8.99 0.00021895347366702704 0.0015521582427030938
9.0 0.00020453685346283419 0.0015542756943387431
9.01 0.0001913665296835751 0.0015562552112544752
9.02 0.0001812864455174379 0.0015581184761304801
9.030000000000001 0.00017519124204829717 0.0015599008645683088
9.040000000000001 0.00017302145957520364 0.0015616419280764264
9.05 0.0001742028235446784 0.0015633780494920257
9.06 0.00017776912052521913 0.0015651379092123752
9.07 0.000182629061931644 0.0015669399001246595
9.08 0.00018798909750565397 0.001568792990921846
9.09 0.00019335977347334873 0.001570699735276741
9.1 0.00019849338976740468 0.0015726590010929449
9.110000000000001 0.00020338742330992395 0.0015746684051583316
9.120000000000001 0.00020817397841347088 0.0015767262121669486
9.13 0.00021289258581161998 0.0015788315449880741
9.14 0.00021737111237475734 0.001580982863479006
9.15 0.00022133061458798185 0.0015831763721138197
9.16 0.000224451859392517 0.0015854052844837222
9.17 0.00022622341578571524 0.0015876586608596134
9.18 0.0002257256642380517 0.0015899184062597323
9.190000000000001 0.0002217479263237796 0.0015921557742125413
9.200000000000001 0.00021382262837457382 0.001594333626986033
9.21 0.00020336515252166544 0.0015964195658905143
9.22 0.00019326796576462033 0.0015984027314819458
9.23 0.00018608228693670536 0.0016002994827454525
9.24 0.00018224447805299094 0.001602141116570401
9.25 0.0001798560639247236 0.0016039516192802895
9.26 0.00017627435724874968 0.001605732271386157
9.27 0.00017000402266787137 0.00160746366328574
9.280000000000001 0.00016127136894337075 0.0016091200402437963
9.290000000000001 0.00015121148507863305 0.0016106824545139063
9.3 0.00014076338040972523 0.001612142328841348
9.31 0.00013013686391955695 0.0016134968300629945
9.32 0.00011906662281316525 0.001614742847496658
9.33 0.000107663050253008 0.0016158764958619889
9.34 9.717969455289548e-05 0.0016169007095860183
9.35 8.959783683818684e-05 0.0016178345972429737
9.360000000000001 8.615969651948702e-05 0.001618713384909762
9.370000000000001 8.637219775698778e-05 0.0016195760443811443
9.38 8.825850329464653e-05 0.0016204491978864025
9.39 8.965355385919999e-05 0.0016213387581721717
9.4 8.939818026916296e-05 0.0016222340168428136
9.41 8.767269591579545e-05 0.0016231193712237383
9.42 8.565987121339675e-05 0.0016239860340593842
9.43 8.47707292506189e-05 0.0016248381870617042
9.440000000000001 8.594444676069596e-05 0.0016256917629417608
9.450000000000001 8.94050430552669e-05 0.0016265685103908406
9.46 9.453444942615372e-05 0.0016274882078532477
9.47 9.973825747953517e-05 0.0016284595713877761
9.48 0.00010258565871414894 0.0016294711909687445
9.49 0.0001006130729116647 0.0016304871846268736
9.5 9.27402408643968e-05 0.0016314539511957538
9.51 8.012795077361061e-05 0.0016323182921539438
9.52 6.56238888642857e-05 0.0016330470513521334
9.530000000000001 5.249478173953349e-05 0.0016336376447051524
9.540000000000001 4.280536461251229e-05 0.0016341141454369126
9.55 3.623993454764799e-05 0.0016345093719327135
9.56 3.0433364735762614e-05 0.0016348427384291306
9.57 2.272343700637631e-05 0.0016351085224378414
9.58 1.1995783326283828e-05 0.0016352821185395047
9.59 -7.702116816571577e-07 0.0016353382463977278
9.6 -1.316294715505576e-05 0.0016352685806035442
9.610000000000001 -2.262517505699809e-05 0.001635089639992484
9.620000000000001 -2.7731482075930118e-05 0.0016348378567068195
9.63 -2.84572761712838e-05 0.0016345569129155835
9.64 -2.5185093011621734e-05 0.001634288701069669
9.65 -1.7748387301255046e-05 0.0016340740336681044
9.66 -6.005318914218409e-06 0.001633955265137027
9.67 8.537635680863015e-06 0.0016339679267208603
9.68 2.2296578190008226e-05 0.0016341220977902145
9.690000000000001 3.138443982216389e-05 0.0016343905028802753
9.700000000000001 3.390138921542036e-05 0.0016347169320254631
9.71 3.097880876518059e-05 0.0016350413330153662
9.72 2.607572479983531e-05 0.0016353266056831912
9.73 2.2887438814788827e-05 0.0016355714215012644
9.74 2.312082975658737e-05 0.0016358014628441212
9.75 2.5682255961225938e-05 0.0016360454782727103
9.76 2.7933208017988995e-05 0.0016363135555926063
9.77 2.7688339272225168e-05 0.0016365916633290574
9.780000000000001 2.460176418049918e-05 0.001636853113846321
9.790000000000001 2.0248413090985392e-05 0.0016370773647326783
9.8 1.6820209708156793e-05 0.001637262707846674
9.81 1.5722342561442808e-05 0.001637425420608022
9.82 1.707823224766752e-05 0.0016375894234820676
9.83 2.0061361024338656e-05 0.0016377751214484277
9.84 2.3575322928221822e-05 0.0016379933048681905
9.85 2.7022231399428186e-05 0.0016382462926398287
9.860000000000001 3.058049923123874e-05 0.001638534306292982
9.870000000000001 3.464035602887675e-05 0.0016388604105692826
9.88 3.898790956579886e-05 0.001639228551897256
9.89 4.265155754309034e-05 0.0016396367492328005
9.9 4.433570582505041e-05 0.0016400716855496413
9.91 4.2952284371362055e-05 0.0016405081255006233
9.92 3.834639491495249e-05 0.001640914618897055
9.93 3.176003543889962e-05 0.0016412651510488243
9.940000000000001 2.523175908140066e-05 0.0016415501100214259
9.950000000000001 2.0208550555417604e-05 0.00164177731156961
9.96 1.691501397760742e-05 0.0016419629293922752
9.97 1.4934607491542574e-05 0.0016421221774996209
9.98 1.3658698118798629e-05 0.0016422651440276726
