#t k ik
0.0 4.5050429318373 0.0
1.0 -0.09481792504830382 2.2051125033944983
2.0 0.39238860816941484 2.353897844955054
3.0 -0.1832735917585726 2.458455353160475
4.0 0.15080329110183008 2.442220202832104
5.0 0.18454643414438276 2.6098950654552104
6.0 -0.014247392318895862 2.695044586367954
7.0 0.25310800642291237 2.814474893419962
8.0 -0.23890628375206657 2.821575754755385
9.0 0.22694356445589337 2.8155943951072984
10.0 -0.11740223858242319 2.8703650580440336
11.0 -0.06490075509443938 2.7792135612056024
12.0 0.11929616955223415 2.8064112684344997
13.0 -0.20533952359672136 2.763389591412256
14.0 0.25027911593698476 2.785859387582388
15.0 -0.374718898916793 2.723639496092484
16.0 0.08377951301821684 2.578169803143196
17.0 -0.5497331794596005 2.345192969922504
18.0 0.09949763366225357 2.1200751970238305
19.0 -0.0787739976986542 2.13043701500563
20.0 -0.0650032318977761 2.0585484002074153
21.0 0.004347012469923674 2.028220290493489
22.0 -0.09306050092026795 1.9838635462683167
23.0 0.27000159018636133 2.0723340909013634
24.0 0.01678941160491177 2.215729591797
25.0 0.24749090584981912 2.3478697505243655
26.0 -0.18441582154657657 2.3794072926759866
27.0 0.13172840064995672 2.353063582227677
28.0 0.2439460069969801 2.540900786051145
29.0 -0.02888070965337117 2.64843343472295
30.0 0.06769210613973867 2.6678391329661335
31.0 -0.12532057491680668 2.6390248985775995
32.0 0.08993832544802906 2.6213337738432108
33.0 0.23499300983664836 2.7837994414855496
34.0 0.1312600604633908 2.966925976635569
35.0 -0.1569341429051644 2.954088935414682
36.0 -0.10877913098527557 2.821232298469462
37.0 -0.12378482347495082 2.704950321239349
38.0 -0.13281372368177163 2.576651047660988
39.0 0.0016489894265351056 2.51106868053337
40.0 0.10120207663038694 2.562494213561831
41.0 0.025144593445225166 2.625667548599637
42.0 -0.1171874286581714 2.5796461309931638
43.0 0.2788719652299218 2.660488399279039
44.0 -0.18247848960221982 2.70868513709289
45.0 0.2730593607410612 2.7539755726623105
46.0 -0.0675926605449375 2.8567089227603724
47.0 0.2315546699269204 2.938689927451364
48.0 -0.01778487535587887 3.045574824736885
49.0 -0.20315281811734648 2.935105978000272
50.0 -0.1586696493619419 2.754194744260628
51.0 -0.024568249520928717 2.6625757948191926
52.0 0.10724074138097317 2.703912040749215
53.0 0.10555199068721088 2.810308406783307
54.0 0.11405438054716663 2.9201115924004957
55.0 0.17508758443439942 3.064682574891279
56.0 0.15706573762454584 3.2307592359207518
57.0 0.08199321267048196 3.3502887110682655
58.0 0.007908379376383456 3.395239507091698
59.0 -0.0924788858305543 3.352954253864613
60.0 -0.26235832103841267 3.1755356504301293
61.0 0.3034304497596664 3.1960717147907562
62.0 -0.1689790257588496 3.2632974267911647
63.0 0.03607075498002431 3.196843291401752
64.0 -0.048556205858490985 3.1906005659625185
65.0 0.052289440056360374 3.1924671830614533
66.0 -0.053356826198938556 3.191933489990164
67.0 -0.17154780756531213 3.079481173108039
68.0 0.10707761752458787 3.0472460780876767
69.0 -0.11384614901276184 3.04386181234359
70.0 0.0994286593526301 3.036653067513524
71.0 -0.19154385601011392 2.990595469184782
72.0 -0.0022054549368784753 2.893720813711286
73.0 -0.03873136576788693 2.873252403358903
74.0 0.15269152540293476 2.930232483176427
75.0 0.09268397913315307 3.052920235444471
76.0 0.04935883102545098 3.123941640523773
77.0 -0.03507483538626227 3.1310836383433673
78.0 -0.13590872800729778 3.0455918566465874
79.0 0.1175847361941571 3.036429860740017
80.0 -0.024352874398943646 3.0830457916376237
81.0 0.02328763001086262 3.0825131694435832
82.0 0.30619703577862195 3.2472555023383256
83.0 -0.1490447136763887 3.325831663389442
84.0 0.057666326474938676 3.280142469788717
85.0 -0.20329912358581365 3.2073260712332794
86.0 0.19072208712052588 3.2010375530006354
87.0 -0.2767793957985185 3.158008898661639
88.0 0.3711212551790037 3.2051798283518815
89.0 -0.2604097871970855 3.2605355623428407
90.0 0.060028840443171215 3.1603450889658835
91.0 -0.04368505608823572 3.1685169811433513
92.0 -0.21945182196494886 3.0369485421167592
93.0 0.06609497175239976 2.960270117010485
94.0 0.09000711124897712 3.0383211585111733
95.0 0.15853090139651757 3.1625901648339205
96.0 -0.08634962752063344 3.1986808017718626
97.0 0.12179719269668621 3.216404584359889
98.0 -0.03558192605424676 3.259512217681109
