#t au vu
0.0 -2.009068229952574 -0.014735305056119388
1.0 0.1977048638868633 0.8911239696799045
2.0 0.2931420004054356 0.6453417328116391
3.0 0.1980927150883304 0.39939949251911694
4.0 0.07807819427032457 0.260813515233797
5.0 0.07726539452770544 0.18261198666271475
6.0 -0.0009400200515990058 0.143994731928157
7.0 -0.023878140372499253 0.155765861968397
8.0 0.06941048458276136 0.13235941323312925
9.0 0.029372851072810038 0.08237068990169752
10.0 -0.022058312684500574 0.07818618525561848
11.0 0.015065643388916692 0.08106636872587003
12.0 0.014667953027170739 0.06591961914858549
13.0 0.011721948367803941 0.052418787829805455
14.0 0.07076526478776456 0.010844315005099706
15.0 0.04004384507720397 -0.04475062650104391
16.0 -0.05610921084376588 -0.03652460154129896
17.0 -0.05407784909386041 0.018663899715800698
18.0 -0.006203997745648821 0.04900356705936917
19.0 0.029807886902608476 0.03745932077825404
20.0 -0.004099418577722057 0.024962158165288427
21.0 0.03704701983149705 0.008723881362028754
22.0 -0.011941631256187813 -0.003611942248397892
23.0 -0.0342956168342316 0.019894112097972858
24.0 -0.0029992318227620154 0.03849559732518573
25.0 -0.009439903119159886 0.044290324997452266
26.0 -0.013253528539981286 0.05553808747013963
27.0 0.03852247758500215 0.042777668473070206
28.0 0.0354289409626664 0.005811804311153771
29.0 -0.02271060098901802 -0.0007563169869653235
30.0 -0.0059998898276674975 0.013552024475752496
31.0 0.019939214272941198 0.0065078317020779985
32.0 0.013375226857268819 -0.009791897415387576
33.0 -0.06841411499135995 0.017581699971066223
34.0 0.026536936737749265 0.03875624337487945
35.0 0.010275645531033772 0.020625240999941487
36.0 -0.007149472203878676 0.01915978994624323
37.0 0.027748393936414078 0.008779810904794865
38.0 0.01182579982943137 -0.011472255119050414
39.0 -0.022582186687192814 -0.0062520681898793895
40.0 -0.009949046004363794 0.009644773467676858
41.0 0.003607503134236976 0.01228783986880877
42.0 -0.035272829718993655 0.02734632794722812
43.0 -0.028805743229431413 0.05882636010542635
44.0 0.049941603223790244 0.047798906999215234
45.0 0.02548474237701445 0.009915961898392979
46.0 0.04822941980368551 -0.026969172058108434
47.0 0.01731361598493076 -0.06000311210982938
48.0 -0.07345643295846063 -0.03188306083882659
49.0 -0.02927234643419321 0.019721032707486336
50.0 -0.008379443209221904 0.03889721547550752
51.0 0.0051697474917064955 0.040842813322919794
52.0 0.024310023331134745 0.02696055093300452
53.0 0.028510217550736235 0.0018190488197081694
54.0 0.05719535932563961 -0.04074118568051073
55.0 0.022354052546424773 -0.08012484886655533
56.0 0.011932019596836043 -0.09591066953472016
57.0 -0.051108915077823655 -0.07580343909797703
58.0 -0.025713920329058892 -0.036967809206947415
59.0 -0.0409606422940215 -0.0028561590916170443
60.0 -0.01853556498390229 0.027491304043435378
61.0 0.07039526025656583 0.002038261567036959
62.0 -0.017047887817201582 -0.024096985020591044
63.0 -0.060411935798691245 0.015281217137375328
64.0 0.07925168568541224 0.006656673308601796
65.0 -0.037831406237729355 -0.013650185564712545
66.0 -0.06475069244621838 0.03797681656863918
67.0 0.01389837493602119 0.06352372460392373
68.0 0.07502559544260182 0.01915374822954189
69.0 0.026695987111774143 -0.031467649359660864
70.0 -0.055511809776628916 -0.016782633204495367
71.0 0.010457143038788376 0.0058763206093108734
72.0 -0.004662351918409145 0.0031853969992478187
73.0 0.019737615572389074 -0.004038048642532044
74.0 0.027082688051652686 -0.026941534837288856
75.0 -0.05551681216125765 -0.012129832113038053
76.0 0.01043429885709333 0.01132862193575639
77.0 0.051418716971732926 -0.018901158584938925
78.0 -0.021539465411162518 -0.033536637087745555
79.0 -0.022781755725822615 -0.010375487940171983
80.0 0.010997192757956712 -0.004063758626067359
81.0 -0.0026496064243614974 -0.007652958803855441
82.0 -0.004940595839586265 -0.0033955196668082966
83.0 -0.012407171136568616 0.004640002296770985
84.0 -0.03751657018816746 0.028739524009265462
85.0 0.011073784313681926 0.04138597678166843
86.0 0.03893429684362355 0.01653763017279836
87.0 -0.05767692409817115 0.02624414308755738
88.0 0.03222370304292676 0.03919099646079512
89.0 0.03296552057303028 0.006793824618033999
90.0 0.005470226989357011 -0.013004402479432126
91.0 -0.0009078534487576861 -0.01561989179477668
92.0 -0.007386459573772663 -0.011650309061755014
93.0 -0.02780068475655663 0.005553363823962478
94.0 0.011560180745683643 0.013777591863691301
95.0 0.033720019541254385 -0.009134620907432053
96.0 0.06087352815869845 -0.05607378964097956
97.0 0.006481092590633635 -0.08953527116561948
98.0 -0.038976970321241235 -0.07296720764242837
99.0 -0.008804249752967749 -0.048756404228320054
100.0 -0.0916138379429682 0.001765504089651535
101.0 0.006450888513333519 0.0442834353586769
102.0 0.01544060084038336 0.03324408864632848
103.0 0.06334675282263999 -0.005785574676972238
104.0 -0.017041672982082947 -0.028599525932806798
105.0 -0.010523533004978849 -0.013680748746013334
106.0 -0.06658187448675133 0.024470087303555342
107.0 0.030780327723283565 0.04183312242185705
108.0 0.013403583540311858 0.019095765761228182
109.0 0.03956042900454744 -0.007846145302264261
110.0 -0.013579576504291688 -0.020807373467755293
111.0 0.0019741162797823494 -0.014992359102264555
112.0 -0.012981655004741752 -0.009211162965004332
113.0 -0.011930661475249316 0.0023999036103020226
114.0 -0.010108878362101965 0.01248966338539346
115.0 0.05123075953604365 -0.008929991478629287
116.0 0.05372378808460302 -0.062215570617843836
117.0 -0.07933796400542667 -0.050506851336276845
118.0 -0.06700485729972576 0.022178299835593003
119.0 0.007125550752601961 0.05215057462363636
120.0 0.02822056084215447 0.03430871428830379
121.0 0.022832840860977383 0.00808944701674876
122.0 0.006525697686520704 -0.007440341294296263
123.0 -0.016394907304408905 -0.003150433228219957
124.0 -0.051191069777977556 0.030574904811252537
125.0 0.00033634409892767766 0.05593023956147334
126.0 0.05887248258865597 0.025677209361373864
127.0 -0.03930332746952942 0.015301058257042695
128.0 -0.03706470430990467 0.053356245125473004
129.0 0.045196093863153264 0.048626988073231264
130.0 -0.000991981548437012 0.025843707296347742
131.0 -0.005631953286632342 0.028468798863084822
132.0 0.01884733974099272 0.02124190599446829
133.0 0.010569904180192111 0.0063194535542945044
134.0 0.038848494075442754 -0.018280370887278664
135.0 -0.05629382409661346 -0.010118510250563137
136.0 0.01462321917142212 0.010814269748064162
137.0 0.013532277395367208 -0.0033340520094042804
138.0 -0.027613293602314796 0.00362228696727579
139.0 0.04786743584024126 -0.006314542389828513
140.0 0.009717799038993525 -0.03480488533005067
141.0 -0.03839385311295601 -0.020107515950925862
142.0 0.020976820110425884 -0.011094316452576273
143.0 -0.049253897159728124 0.0034030937929537966
144.0 0.051175459560496864 0.0026147990425276703
145.0 -0.025562428636655685 -0.010335855381970752
146.0 0.023799862541443225 -0.009294983077711387
147.0 -0.004472086515857719 -0.019113548287228128
148.0 0.014127425333106108 -0.024554752843677936
149.0 -0.032645778168439714 -0.015989997936610538
150.0 -0.02486911661952373 0.011935192778209959
151.0 -0.02196185679443004 0.034596343182078895
152.0 0.011000678160939666 0.03958246849436812
153.0 0.005883501941818339 0.031162781382938407
154.0 0.060159081549567506 -0.0017041392913555852
155.0 -0.014557590004708895 -0.02422175863973636
156.0 0.013438910509369338 -0.023375136696223722
157.0 -0.03543988581853693 -0.01188725519821508
158.0 -0.009848549028180229 0.010253713977814426
159.0 0.008224823271532044 0.010566525139657024
160.0 0.020011204056798532 -0.00423717048859146
161.0 -0.03569222342784641 0.0036252915668529614
162.0 0.004726650762922177 0.01927229791616492
163.0 0.003100160840121186 0.015988083044865892
164.0 0.010474043989216383 0.00887459408769114
165.0 -0.03370313034141986 0.019739913823792445
166.0 -0.02011202254315397 0.04617972176910854
167.0 0.05037375766041283 0.031371945983081045
168.0 0.01090195277664439 0.0004341239792380984
169.0 -0.014784924124751844 0.0026309730275517283
170.0 0.04367589648608249 -0.011621431441477294
171.0 -0.017496620400938617 -0.024992541744176613
172.0 0.026033660736434414 -0.028999300021473873
173.0 -0.005878391998762201 -0.03821303569145773
174.0 0.017830046148712857 -0.04443524602680444
175.0 0.0027100126866224186 -0.05460306406289151
176.0 -0.04609919982219434 -0.03270103135911851
177.0 -0.030272219006531032 0.005767705608271858
178.0 -0.0077272249954725624 0.02519006915524867
179.0 -0.0176305716332147 0.038299373355627116
180.0 0.00933292959952947 0.042760205295406785
181.0 0.05454394207809893 0.011266588667038058
182.0 0.0021765560086441094 -0.017040599825598083
183.0 0.002116542547306628 -0.019483664944540468
184.0 -0.038203978493228444 -0.001719083344255
185.0 0.0085250898943929 0.012870028726752778
186.0 -0.003431022020944214 0.01065969386835772
187.0 0.05948572252039426 -0.016636446124779117
188.0 -0.0055393936727523305 -0.04327373633362234
189.0 -0.0023929179163137315 -0.039305062839263785
190.0 -0.024631614369115037 -0.025440354315548596
191.0 -0.023090192959556718 -0.0005691793995046552
192.0 0.07416410820533256 -0.025788752289180056
193.0 -0.05957135439101993 -0.033019396001405306
194.0 -0.014496916218625646 0.004343559298675484
195.0 -0.01251730565296088 0.018131378924803397
196.0 0.046698623244622955 0.0017872323215928126
197.0 0.017880920878925777 -0.03015391096412041
198.0 -0.01922391618322028 -0.02886543085084468
199.0 -0.03424935191916724 -0.001321522816989432
200.0 -0.05401346744436701 0.04272041722596312
201.0 0.060046123476016976 0.03945629281399603
202.0 0.07768825315069364 -0.02907315342690283
203.0 0.0021882845041955004 -0.06759678135364837
204.0 -0.02491037034710949 -0.05596096250138144
205.0 -0.04391845626978104 -0.0213966275585779
206.0 -0.025005894667805555 0.013119522256095357
207.0 0.03801768775418435 0.006164247979470931
208.0 0.05454674862025588 -0.04055373584947287
209.0 -0.013831688012311502 -0.06071013111771603
210.0 -0.05859115314651262 -0.024021562994588415
211.0 -0.026581270806708662 0.018994294609517917
212.0 -0.036730869786287215 0.05096756275973065
213.0 0.009067758130022138 0.0650777484430812
214.0 0.09422534967454527 0.01371704878666775
215.0 -0.02068398009173907 -0.02378374008292604
216.0 -0.019802052577036173 -0.0037354187998267004
217.0 -0.05783388074856661 0.03532696725134008
218.0 0.042644336451060326 0.04331238486045814
219.0 0.007209453307131801 0.0185840972355557
220.0 -0.015257930062660317 0.02288521149572067
221.0 0.0318263227806566 0.014952996150751168
222.0 -0.03338459237484065 0.01649734552705204
223.0 0.04483071671486282 0.011150506812352357
224.0 0.02088049885995345 -0.021328343626251533
225.0 -0.04984614731435533 -0.0065856394187848505
226.0 0.03342011858409437 0.0018489809868847383
227.0 -0.020717741098299707 -0.004275169334143856
228.0 0.008754811274289735 0.0020712336945340683
229.0 0.00786034175157594 -0.005708206408556379
230.0 0.012579741358479854 -0.015734856829102046
231.0 -0.027787450556730025 -0.008381836312823973
232.0 0.018009457968499672 -0.0038851343416221743
233.0 -0.0009718152681932583 -0.012922165714782472
234.0 0.02506388151809314 -0.025660551783973157
235.0 -0.0326600798083722 -0.021961660456352516
236.0 -0.05620816711101148 0.02257296562475118
237.0 0.03926484414765379 0.03103850443131137
238.0 0.02010108700252856 0.000992161561568482
239.0 0.042615633374546324 -0.02984541020267413
240.0 -0.02158152549064344 -0.040113544695391135
241.0 -0.0440000110512445 -0.007387778069678145
242.0 -0.03062954876409136 0.029527716005755628
243.0 0.009458106355947793 0.03949300377162862
244.0 -0.007268084389901487 0.03779309731758778
245.0 0.023598660339786248 0.028885633400717203
246.0 -0.03211715021140411 0.032261373528546626
247.0 0.04532132535096324 0.02461924381847001
248.0 -0.02861767415159769 0.01511672505363788
249.0 -0.05137299781146207 0.05442396441666679
250.0 0.026194827275521325 0.06643770245440288
251.0 0.041682674539648495 0.03207261593837656
252.0 0.01382503270444685 0.003769552660563403
253.0 0.031727981315744974 -0.019644415685758084
254.0 -0.021596450280242353 -0.02522103856827695
255.0 -0.00507347429282674 -0.012489312640555434
256.0 0.0020299793352243044 -0.011238349568360508
257.0 0.04307074197614815 -0.033673716715407025
258.0 -0.018456600210862876 -0.045759935905858765
259.0 -0.04348433949651775 -0.014635508994164385
260.0 0.038144228862711564 -0.011903097999564535
261.0 -0.007138779585492634 -0.027690010770222876
262.0 0.035212357290437056 -0.04215431926559053
263.0 -0.09776082665507839 -0.01143446884239726
264.0 -0.023688419173238908 0.04859407204994697
265.0 0.00333011038752693 0.05809678589782303
266.0 0.02351887245485031 0.04393452122797404
267.0 0.024738841040095112 0.019148533374778804
268.0 0.015663251132296007 -0.0009226195841175649
269.0 -0.016431985638739488 -0.0003907525473483459
270.0 -0.004887716024015798 0.010310976977913422
271.0 0.06230365047525672 -0.018699310721008274
272.0 -0.09047346235855468 -0.005209645624057132
273.0 0.009833804147721862 0.035083624091089484
274.0 0.048777765846787995 0.005586780123976577
275.0 -0.06390551903759208 0.013302888532574901
276.0 0.015229015447571999 0.03782892919344749
277.0 0.005555408255428796 0.027904545668662274
278.0 0.04276574465507227 0.004222979290348855
279.0 -0.035425430791827896 0.0008327434176633284
280.0 0.028085150964313875 0.0049320218079247245
281.0 0.0221743414677622 -0.019896040040979786
282.0 -0.041098233765217256 -0.009911017819066061
283.0 -0.019201968739109426 0.020790342238920248
284.0 0.06725671204232676 -0.0025239719615268515
285.0 0.06349127934347132 -0.06732241233518328
286.0 -0.038271575443253526 -0.07953751997385373
287.0 -0.06491200067628206 -0.02752994789203664
288.0 -0.02085379849103311 0.01600017242034642
289.0 0.05352639584168099 0.00012418774770778083
290.0 -0.016626423600132383 -0.018005169929055626
291.0 0.037790730480494354 -0.028253193364968184
292.0 -0.01783263049161038 -0.037759242185334156
293.0 -0.02176313007312174 -0.017737137890341304
294.0 0.00558257848036524 -0.009499052895577072
295.0 0.02483895280371957 -0.025065333363833493
296.0 -0.053512046189078316 -0.01068807284421782
297.0 -0.046753235403982234 0.03897319775875843
298.0 0.005035917763329162 0.059567870733196866
299.0 0.05089484992407095 0.03195776460540707
300.0 0.041370579677615545 -0.013758330177385874
301.0 0.027070816500951476 -0.04775585525422374
302.0 -0.06635111439439144 -0.02789156394692668
303.0 -0.014569380383010935 0.012594069549329909
304.0 0.03754185521501854 0.0011540451189686013
305.0 0.0309509664761272 -0.033418980163139704
306.0 -0.028471408363429988 -0.035362434811220006
307.0 0.023132388553628064 -0.03329150709036084
308.0 -0.022666019240999934 -0.03398149053508769
309.0 -0.0047905851790195336 -0.02092907507734553
310.0 -0.0038746704015406716 -0.017414429991421548
311.0 -0.06364978766220296 0.015155919804939742
312.0 -0.026625261219989062 0.058797113675543425
313.0 0.07837530277267517 0.031500275692775706
314.0 -0.002849263748460874 -0.0068996388235899936
315.0 -0.030947324268478297 0.01016787652168914
316.0 0.046709507083872934 0.0019615681470872216
317.0 -0.03989460816569631 -0.0017709821183724546
318.0 0.0009346482874928477 0.01803993761042447
319.0 0.05159703148002592 -0.008023391478784832
320.0 0.02975150465083575 -0.048620052366284874
321.0 -0.051565067460249116 -0.03763594449300537
322.0 -0.06996047756462331 0.022679452150421157
323.0 0.007353784475136562 0.053421125132333346
324.0 -0.00720963594928044 0.05279051612723718
325.0 0.034025095514004455 0.038830992229825355
326.0 -0.019376612943582935 0.030950267996553937
327.0 0.06478109972230087 0.007445345694549756
328.0 -0.04213294002242948 -0.004853388603221732
329.0 -0.07824589408747279 0.05437471697454932
330.0 0.05969935343317332 0.06278887973012193
331.0 0.0017829723525070314 0.031094500947541195
332.0 0.07135044171066063 -0.00626922911170735
333.0 -0.027600062208136007 -0.028884426728039796
334.0 0.012871688609584375 -0.0222523324978709
335.0 0.012533584847354532 -0.03576587582036565
336.0 -0.08241084160526203 -0.0015660272470549735
337.0 -0.0036971724799040834 0.04084872732576476
338.0 -0.0052600687143097066 0.044688571621144375
339.0 0.0463884578721933 0.023486193828792707
340.0 0.05122473076425481 -0.025972244759124123
341.0 0.013875891779830538 -0.058924412590095114
342.0 -0.061610107748304554 -0.03546585491749918
343.0 0.00497584363506458 -0.007347757363967409
344.0 0.007214925784190816 -0.013843949537973169
345.0 0.03771005407663948 -0.037382460462925926
346.0 -0.03960516198149064 -0.037423193627754515
347.0 0.03242948952938745 -0.03504650253216978
348.0 -0.061264937721149486 -0.02212025717599705
349.0 0.013657953649187055 0.0004679852136296662
350.0 -0.07090069092878194 0.027556371770277265
351.0 0.038612983041193046 0.04296173919151725
352.0 0.009265416124458917 0.018762789093896053
353.0 -0.011292492493054116 0.01932262741584185
354.0 -0.03888383471312386 0.043951157906234745
355.0 0.013342229794392596 0.05613131274982021
356.0 0.00029369931133677106 0.04884153131290256
357.0 0.04822086166283596 0.024102327091249747
358.0 0.06922262391135403 -0.03495734137871798
359.0 -0.02183215065783139 -0.0591872346762951
360.0 -0.09093195596292779 -0.0033447220486627106
361.0 0.0426185554664228 0.02028613956407441
362.0 -0.022382428522218088 0.009355371583916949
363.0 -0.044426081588963245 0.04194612034340427
